  Frame #         RMSD         rGyr      intraHB        MolSA         SASA          PSA
        0        0.000        5.593            0      328.442       86.335      206.488
        1        0.525        5.623            0      326.030      110.286      210.278
        2        0.502        5.608            0      327.887      105.825      206.747
        3        0.462        5.554            0      327.137       96.380      207.131
        4        0.332        5.562            0      327.137      103.624      206.180
        5        0.261        5.561            0      327.384       93.176      202.909
        6        0.493        5.652            0      326.860      102.579      211.495
        7        0.323        5.568            0      326.454       91.702      208.943
        8        0.372        5.546            0      327.002       92.485      213.830
        9        0.503        5.587            0      328.257       90.294      205.491
       10        0.367        5.567            0      326.270       92.457      206.447
       11        0.562        5.728            0      330.584      115.732      202.692
       12        0.521        5.647            0      327.504       98.283      206.287
       13        0.697        5.628            0      327.321       89.525      206.389
       14        0.558        5.611            0      326.675      107.773      203.677
       15        0.567        5.680            0      327.997       93.677      207.367
       16        0.565        5.589            0      327.729      111.310      209.433
       17        0.632        5.654            0      323.188      102.873      200.934
       18        0.626        5.648            0      327.021      116.514      207.253
       19        0.624        5.579            0      325.985       91.845      209.505
       20        0.581        5.667            0      326.425      109.325      204.459
       21        0.635        5.597            0      324.573      123.566      198.813
       22        0.390        5.610            0      327.950      101.300      205.496
       23        0.566        5.633            0      327.102      104.727      205.053
       24        0.558        5.530            0      324.677      105.656      203.494
       25        0.517        5.569            0      326.880       92.748      200.400
       26        0.569        5.627            0      327.314       97.904      202.638
       27        0.597        5.668            0      328.642      105.971      205.017
       28        0.726        5.593            0      324.755      119.436      201.977
       29        0.580        5.645            0      324.947      101.162      201.595
       30        0.430        5.622            0      327.304      108.358      207.690
       31        0.520        5.544            0      325.309      102.241      205.270
       32        0.521        5.605            0      324.814      112.766      205.073
       33        0.604        5.576            0      326.153      103.485      206.221
       34        0.631        5.584            0      326.939      109.890      206.936
       35        0.464        5.609            0      325.618       93.798      207.882
       36        0.636        5.614            0      328.946       82.147      207.524
       37        0.490        5.593            0      328.787      110.487      208.281
       38        0.565        5.620            0      326.708      116.730      203.273
       39        0.470        5.600            0      326.142      105.522      203.685
       40        0.683        5.626            0      326.008       98.864      205.444
       41        0.894        5.717            0      325.372      103.158      193.839
       42        0.873        5.610            0      326.938       85.728      200.937
       43        1.045        5.628            0      324.812      102.567      196.773
       44        0.925        5.603            0      324.183       76.679      200.713
       45        0.832        5.578            0      329.064      143.010      208.505
       46        0.793        5.711            0      326.068      104.285      201.589
       47        0.729        5.754            0      330.700      125.408      208.113
       48        0.898        5.601            0      325.703       89.959      196.600
       49        0.702        5.593            0      326.998       83.777      201.939
       50        0.855        5.559            0      323.149       83.135      200.463
       51        1.080        5.619            0      325.919      145.402      202.407
       52        0.862        5.681            0      325.613      135.768      198.278
       53        0.938        5.578            0      326.001      150.622      202.571
       54        0.975        5.552            0      324.058      147.029      202.443
       55        0.790        5.617            0      323.646      111.077      195.690
       56        1.057        5.586            0      325.469      153.661      203.994
       57        0.752        5.596            0      326.451      109.911      206.032
       58        0.834        5.662            0      325.771      104.168      203.025
       59        0.854        5.552            0      321.039       90.076      200.279
       60        0.819        5.660            0      325.691      110.162      202.656
       61        0.921        5.602            0      329.262      143.337      205.584
       62        0.886        5.690            0      325.995      107.681      198.869
       63        0.846        5.580            0      323.552      122.759      198.069
       64        0.847        5.638            0      324.986      100.388      203.817
       65        0.963        5.564            0      326.511      136.384      205.256
       66        0.795        5.694            0      326.063      101.988      198.151
       67        0.925        5.614            0      323.419      110.053      197.138
       68        0.872        5.643            0      324.731       91.147      198.698
       69        0.969        5.669            0      327.904      117.776      204.093
       70        0.817        5.702            0      328.080      126.870      204.633
       71        0.718        5.606            0      326.496      111.645      204.672
       72        0.848        5.617            0      325.452      106.407      201.164
       73        0.781        5.576            0      327.301      113.971      203.717
       74        0.895        5.614            0      323.978      111.164      203.377
       75        0.831        5.654            0      324.572      115.934      198.297
       76        0.875        5.626            0      323.857      116.208      198.563
       77        0.859        5.553            0      326.073      129.615      205.219
       78        0.745        5.540            0      324.011      113.438      204.098
       79        0.871        5.653            0      326.994      114.967      204.047
       80        0.851        5.745            0      327.550      116.931      200.478
       81        0.791        5.624            0      324.886      112.719      207.893
       82        0.904        5.622            0      327.771      114.200      199.425
       83        0.951        5.570            0      325.480      127.850      204.691
       84        0.852        5.607            0      326.071      125.199      207.457
       85        0.864        5.637            0      324.745      118.197      200.620
       86        0.840        5.562            0      325.804      131.641      200.651
       87        0.786        5.628            0      327.634      132.784      205.157
       88        0.907        5.622            0      325.429      106.921      201.941
       89        0.891        5.670            0      324.369      114.490      201.355
       90        0.760        5.536            0      323.559      109.871      201.967
       91        0.785        5.565            0      324.893      110.346      202.467
       92        0.878        5.516            0      322.813      118.235      201.470
       93        0.796        5.606            0      327.624      120.332      203.534
       94        0.659        5.544            0      325.628      122.268      198.902
       95        0.777        5.646            0      324.658      119.841      200.877
       96        0.943        5.594            0      328.098      133.474      203.062
       97        0.922        5.647            0      324.886      116.320      197.852
       98        0.761        5.688            0      327.598      106.240      199.605
       99        0.831        5.619            0      325.641      137.599      199.485
      100        0.826        5.649            0      324.739      133.780      196.534
      101        0.999        5.541            0      326.478      154.356      204.914
      102        0.871        5.606            0      323.453      127.865      197.379
      103        0.733        5.646            0      326.519      131.882      201.997
      104        0.860        5.641            0      329.705      148.933      209.097
      105        0.873        5.656            0      325.815      115.471      203.509
      106        0.825        5.595            0      325.901      125.924      199.971
      107        0.788        5.630            0      325.141      128.958      202.671
      108        0.826        5.609            0      325.883      113.816      202.409
      109        0.849        5.555            0      323.413      126.592      199.320
      110        0.787        5.519            0      323.883      121.254      205.686
      111        0.851        5.614            0      322.623      126.742      196.881
      112        0.713        5.648            0      326.921      124.609      202.085
      113        0.665        5.662            0      328.896      133.986      200.041
      114        0.822        5.629            0      323.569      110.760      203.714
      115        0.937        5.623            0      325.566      124.623      196.599
      116        0.857        5.556            0      322.731      123.706      200.306
      117        1.086        5.645            0      325.864      137.190      198.640
      118        0.756        5.558            0      326.368      129.888      207.105
      119        0.829        5.553            0      324.417      127.170      203.486
      120        0.865        5.598            0      327.935      136.984      207.873
      121        0.931        5.641            0      326.093      135.497      202.499
      122        0.786        5.659            0      326.564      138.493      202.302
      123        0.804        5.645            0      324.589      146.903      196.614
      124        0.803        5.672            0      325.021      119.767      199.503
      125        0.778        5.607            0      324.627      131.477      199.119
      126        0.926        5.647            0      325.142      124.246      197.859
      127        0.774        5.640            0      327.795      121.134      202.542
      128        0.920        5.588            0      325.608      118.733      201.776
      129        0.742        5.626            0      325.699      135.902      202.146
      130        0.807        5.634            0      326.056      125.876      199.383
      131        0.874        5.644            0      326.198      113.778      202.185
      132        0.816        5.607            0      323.799      129.107      200.585
      133        0.833        5.677            0      328.032      135.933      208.152
      134        0.829        5.608            0      325.754      148.922      200.029
      135        1.086        5.560            0      325.918      138.623      202.905
      136        0.853        5.654            0      325.925      132.503      200.534
      137        0.937        5.671            0      327.002      129.522      202.944
      138        0.809        5.643            0      326.253      130.466      198.099
      139        0.799        5.659            0      326.890      131.688      201.032
      140        0.902        5.616            0      324.027      133.136      199.791
      141        0.890        5.578            0      325.004      138.193      202.224
      142        0.808        5.637            0      325.566      119.537      202.190
      143        0.813        5.653            0      327.374      137.026      199.946
      144        0.805        5.644            0      325.165      127.431      197.182
      145        0.805        5.651            0      324.877      128.265      199.262
      146        0.785        5.611            0      325.356      146.711      199.413
      147        0.865        5.597            0      324.673      125.280      197.055
      148        0.744        5.562            0      323.779      140.430      201.866
      149        0.904        5.624            0      325.589      126.462      199.113
      150        0.871        5.731            0      328.264      145.206      211.455
      151        0.766        5.631            0      325.813      132.321      195.450
      152        0.790        5.631            0      326.334      133.762      203.597
      153        0.781        5.654            0      325.009      142.879      197.122
      154        0.880        5.573            0      325.377      145.310      202.184
      155        0.959        5.554            0      324.454      145.864      202.401
      156        0.772        5.618            0      325.416      124.409      199.028
      157        0.783        5.674            0      328.985      107.338      202.853
      158        1.005        5.543            0      325.735      128.822      195.787
      159        0.802        5.570            0      326.055      130.286      201.017
      160        0.791        5.655            0      326.615      139.215      199.393
      161        0.880        5.595            0      325.198      119.320      200.410
      162        0.773        5.576            0      325.967      127.986      200.087
      163        0.791        5.640            0      327.076      108.505      202.494
      164        0.928        5.560            0      324.998      110.493      201.953
      165        0.818        5.662            0      325.481      122.593      202.036
      166        0.878        5.597            0      324.311      100.949      196.928
      167        0.913        5.667            0      325.604      120.401      198.759
      168        0.918        5.631            0      326.417      122.754      202.996
      169        0.863        5.614            0      325.284      112.470      202.845
      170        0.751        5.633            0      325.961      134.947      199.330
      171        0.796        5.637            0      324.603      128.627      200.030
      172        1.117        5.573            0      324.599      146.255      195.846
      173        1.055        5.628            0      329.025      149.003      206.527
      174        0.818        5.626            0      324.006      123.274      201.246
      175        1.022        5.612            0      326.133      127.868      202.698
      176        1.100        5.704            0      327.648      135.829      195.734
      177        1.066        5.639            0      326.271      138.850      201.551
      178        0.839        5.610            0      325.361      105.317      198.589
      179        0.816        5.621            0      326.897      127.365      203.566
      180        1.149        5.624            0      327.019      122.987      201.720
      181        1.050        5.594            0      325.265      160.722      205.166
      182        1.023        5.478            0      322.828      123.284      203.091
      183        0.810        5.612            0      325.295      127.977      195.390
      184        0.898        5.580            0      325.269      100.464      199.549
      185        1.124        5.530            0      323.579      150.508      201.224
      186        1.026        5.605            0      325.724      141.894      198.363
      187        1.070        5.578            0      325.140      132.857      201.798
      188        0.821        5.630            0      324.689      116.834      199.802
      189        0.807        5.560            0      324.300      121.858      200.839
      190        0.880        5.586            0      322.701      135.767      198.532
      191        0.683        5.581            0      322.812      134.246      198.282
      192        0.811        5.633            0      326.319      142.963      202.200
      193        0.936        5.578            0      325.907      149.338      199.676
      194        0.762        5.638            0      326.624      121.709      200.757
      195        0.835        5.665            0      327.326       96.950      204.297
      196        0.807        5.557            0      325.558      100.382      201.512
      197        0.791        5.666            0      326.629      100.509      201.806
      198        0.768        5.612            0      324.692      120.802      198.784
      199        0.831        5.578            0      323.130      109.388      201.613
      200        0.852        5.626            0      322.951      123.971      196.480
      201        0.791        5.629            0      323.526      104.741      192.445
      202        0.821        5.634            0      328.312       97.983      203.179
      203        0.865        5.615            0      327.482      105.310      203.158
      204        0.766        5.606            0      326.645      112.863      203.284
      205        0.885        5.640            0      324.633      115.443      200.624
      206        0.907        5.535            0      325.274      133.799      204.513
      207        0.901        5.693            0      326.012      119.805      201.220
      208        0.847        5.672            0      326.995      111.920      203.150
      209        0.878        5.642            0      322.937      118.093      196.310
      210        0.698        5.599            0      328.700      112.233      204.534
      211        0.805        5.643            0      326.985      103.688      202.888
      212        0.899        5.572            0      323.258      138.030      205.381
      213        0.815        5.641            0      326.522      105.835      202.251
      214        0.843        5.697            0      327.395      113.351      199.413
      215        0.641        5.618            0      325.663      101.694      203.549
      216        0.824        5.598            0      324.917      120.524      197.464
      217        0.743        5.596            0      322.180      108.188      198.236
      218        0.951        5.527            0      324.343      117.129      204.553
      219        0.983        5.589            0      324.905      119.714      204.779
      220        0.970        5.603            0      324.716      146.582      201.415
      221        0.854        5.479            0      323.444      131.915      205.594
      222        0.965        5.497            0      323.084      148.740      203.625
      223        0.867        5.547            0      324.359      163.727      206.093
      224        0.862        5.508            0      325.202      147.082      203.929
      225        0.897        5.613            0      325.037      108.890      198.340
      226        1.096        5.568            0      324.072      118.131      197.614
      227        0.858        5.664            0      326.264       93.346      198.975
      228        1.091        5.494            0      324.751      127.430      210.807
      229        0.855        5.616            0      324.766       98.086      200.887
      230        0.972        5.595            0      324.435       99.469      203.706
      231        0.802        5.599            0      326.402       98.255      199.815
      232        0.832        5.541            0      322.526      104.876      197.420
      233        0.818        5.622            0      327.439       94.928      204.508
      234        0.797        5.596            0      322.884       91.726      203.625
      235        0.836        5.568            0      324.968      112.071      202.029
      236        1.110        5.558            0      327.416      148.183      209.924
      237        0.864        5.519            0      327.331      144.756      204.254
      238        0.826        5.685            0      326.597      109.279      199.168
      239        0.820        5.595            0      325.809      122.551      204.240
      240        1.062        5.637            0      324.081      144.929      198.598
      241        1.244        5.595            0      327.042      146.775      201.529
      242        0.761        5.606            0      323.237      104.571      195.430
      243        0.991        5.632            0      324.575      135.531      195.416
      244        1.065        5.612            0      323.926      140.900      199.499
      245        0.815        5.660            0      326.960      100.110      196.802
      246        0.835        5.690            0      328.470      107.277      205.210
      247        0.916        5.746            0      328.766      124.808      204.557
      248        0.815        5.616            0      325.749      117.963      202.206
      249        0.828        5.638            0      328.325      109.042      204.362
      250        0.913        5.681            0      325.592      126.065      202.502
      251        1.061        5.586            0      327.114      147.643      203.366
      252        1.033        5.619            0      326.882      154.716      204.940
      253        0.843        5.604            0      326.440      121.625      205.617
      254        0.963        5.637            0      324.952      124.418      199.750
      255        0.895        5.614            0      329.000      141.117      209.979
      256        0.841        5.541            0      324.006      107.758      199.633
      257        1.211        5.450            0      320.982      134.584      201.659
      258        1.105        5.576            0      323.808      142.833      196.903
      259        0.981        5.574            0      326.526      109.375      200.381
      260        0.807        5.657            0      327.329      129.920      201.436
      261        1.023        5.657            0      327.616      126.420      202.171
      262        0.928        5.620            0      325.979      105.198      203.388
      263        0.910        5.644            0      326.166       97.566      200.201
      264        0.756        5.629            0      324.518       88.223      196.681
      265        0.980        5.669            0      326.853      118.906      202.150
      266        0.914        5.648            0      324.664      127.043      197.273
      267        0.778        5.616            0      324.672      131.669      202.913
      268        0.955        5.593            0      329.625      145.331      207.829
      269        0.860        5.627            0      326.771      145.331      202.522
      270        0.788        5.616            0      325.967      125.657      202.077
      271        0.961        5.496            0      321.884      137.845      197.910
      272        0.892        5.627            0      326.632      128.579      200.818
      273        0.888        5.665            0      326.004      157.857      201.673
      274        0.788        5.739            0      326.918      142.170      197.510
      275        0.887        5.629            0      324.831      132.730      200.148
      276        0.827        5.612            0      327.563      115.051      205.231
      277        0.886        5.734            0      327.344      150.083      205.097
      278        0.856        5.692            0      328.395      104.157      198.000
      279        0.796        5.670            0      327.911      108.878      208.167
      280        0.866        5.660            0      325.800      105.132      201.741
      281        1.062        5.587            0      326.930      136.298      205.253
      282        0.945        5.612            0      326.895      105.553      199.463
      283        0.870        5.677            0      326.483      113.697      202.268
      284        0.777        5.655            0      325.963      107.460      201.258
      285        0.768        5.590            0      324.941      119.579      201.669
      286        0.849        5.573            0      325.655      141.969      200.003
      287        0.872        5.673            0      325.756      120.890      200.628
      288        0.860        5.584            0      325.378      114.770      205.013
      289        0.915        5.623            0      327.776      141.598      208.752
      290        0.994        5.560            0      328.059      134.069      202.712
      291        0.869        5.575            0      328.227      146.949      207.330
      292        1.027        5.539            0      326.510      128.657      205.328
      293        0.876        5.569            0      325.716      141.720      204.137
      294        1.086        5.648            0      327.627      155.280      201.711
      295        0.831        5.605            0      325.922      170.957      197.836
      296        1.126        5.542            0      324.963      150.219      208.304
      297        0.900        5.642            0      324.912       99.172      202.794
      298        0.724        5.535            0      322.261      108.355      201.151
      299        0.849        5.592            0      325.231      108.657      197.949
      300        0.917        5.633            0      324.926      118.465      196.387
      301        0.887        5.568            0      323.755      138.115      198.811
      302        0.805        5.607            0      323.635      128.668      199.915
      303        0.681        5.621            0      329.224      131.695      206.505
      304        0.769        5.610            0      324.363      115.656      203.617
      305        0.898        5.552            0      324.572      137.835      199.941
      306        0.806        5.661            0      327.262      126.892      205.664
      307        0.782        5.603            0      325.976      137.614      203.169
      308        0.787        5.657            0      327.740      129.266      208.453
      309        0.892        5.579            0      325.456      128.959      205.485
      310        0.812        5.655            0      324.175       99.978      199.212
      311        0.919        5.572            0      322.468      125.812      207.096
      312        0.821        5.708            0      327.162       99.957      198.059
      313        0.841        5.629            0      325.602       88.888      197.718
      314        0.847        5.618            0      326.722      113.495      198.707
      315        0.926        5.612            0      324.286      109.109      199.863
      316        0.763        5.637            0      327.103      125.343      203.154
      317        0.906        5.602            0      324.416      121.551      203.036
      318        0.683        5.637            0      325.402      113.857      202.223
      319        0.813        5.494            0      325.436      134.924      204.334
      320        0.828        5.691            0      325.426      111.387      198.523
      321        0.910        5.660            0      328.131      122.590      204.918
      322        0.773        5.526            0      324.854      122.217      199.635
      323        0.801        5.626            0      327.247      118.320      202.109
      324        0.779        5.590            0      324.694      124.466      194.197
      325        0.773        5.544            0      325.251      139.932      201.562
      326        0.776        5.597            0      326.238      124.030      203.567
      327        0.780        5.645            0      326.411      121.704      201.409
      328        0.856        5.701            0      325.660      120.858      197.638
      329        0.915        5.629            0      327.925      116.498      203.634
      330        0.785        5.501            0      324.556      141.028      202.304
      331        0.699        5.471            0      324.820      123.053      201.325
      332        0.781        5.669            0      327.416      127.904      203.755
      333        1.079        5.483            0      322.592      138.143      196.438
      334        0.780        5.612            0      325.612      117.485      202.134
      335        0.772        5.659            0      326.128      103.752      195.304
      336        0.724        5.579            0      325.678      127.527      201.705
      337        0.752        5.523            0      325.314      120.574      200.004
      338        0.825        5.615            0      324.955       98.032      200.208
      339        0.761        5.607            0      325.025      117.194      206.229
      340        0.680        5.583            0      325.898      124.345      205.064
      341        0.766        5.669            0      326.443      119.946      197.835
      342        0.828        5.675            0      324.821      141.500      199.523
      343        0.893        5.610            0      325.473      155.924      196.706
      344        0.724        5.679            0      326.139      104.733      198.911
      345        1.098        5.609            0      326.917      121.624      200.307
      346        0.778        5.522            0      325.919      100.439      200.492
      347        0.760        5.628            0      324.573      114.628      199.430
      348        0.827        5.638            0      327.118      105.799      200.465
      349        0.871        5.526            0      325.795      136.859      199.948
      350        0.859        5.570            0      324.684      100.134      198.495
      351        0.741        5.533            0      321.893       90.460      206.008
      352        0.811        5.564            0      326.802      126.490      200.898
      353        0.812        5.591            0      323.920      109.354      199.269
      354        0.756        5.536            0      324.005      113.717      201.873
      355        0.828        5.577            0      324.465      112.869      193.699
      356        0.861        5.663            0      324.733       94.819      200.767
      357        0.845        5.602            0      322.267      103.742      194.021
      358        0.801        5.588            0      325.536      100.640      204.887
      359        0.758        5.633            0      327.805      112.671      204.579
      360        0.769        5.614            0      326.566      106.458      202.189
      361        0.656        5.530            0      324.552      111.845      204.142
      362        0.890        5.654            0      325.558      104.356      202.414
      363        0.777        5.601            0      326.726      103.592      205.536
      364        0.804        5.530            0      324.065      130.795      201.131
      365        0.753        5.566            0      322.647      112.023      194.728
      366        0.805        5.626            0      324.220      107.960      201.452
      367        0.807        5.627            0      328.272      106.091      197.656
      368        0.827        5.647            0      326.579      120.406      202.263
      369        0.858        5.598            0      326.552      107.249      202.782
      370        0.772        5.544            0      324.102      104.787      202.520
      371        0.732        5.587            0      326.607       97.759      200.515
      372        0.750        5.596            0      325.796      105.803      204.817
      373        0.872        5.678            0      324.187      100.171      200.382
      374        0.950        5.568            0      323.316      109.424      195.642
      375        0.789        5.600            0      326.815      101.440      199.002
      376        0.962        5.629            0      326.506       93.471      201.490
      377        0.757        5.486            0      323.309      102.540      204.110
      378        0.820        5.608            0      321.431      107.038      194.987
      379        0.726        5.561            0      326.319      106.203      199.537
      380        0.822        5.610            0      323.858      102.184      197.423
      381        0.706        5.581            0      325.659      103.109      201.551
      382        0.792        5.568            0      326.074      102.808      203.821
      383        0.849        5.609            0      324.396      105.150      200.903
      384        0.824        5.645            0      325.173      100.112      200.702
      385        0.811        5.567            0      324.066      110.428      196.771
      386        1.037        5.521            0      324.845      125.178      202.381
      387        1.145        5.627            0      326.346      126.788      199.649
      388        1.028        5.576            0      325.202      116.217      204.794
      389        0.964        5.532            0      324.164      141.083      198.107
      390        0.799        5.526            0      325.674      131.503      209.472
      391        0.799        5.632            0      326.506       96.921      202.607
      392        0.734        5.611            0      326.329      111.586      204.099
      393        0.854        5.594            0      324.639       98.142      201.597
      394        0.863        5.630            0      326.038       95.617      202.642
      395        0.905        5.641            0      326.617       88.782      201.583
      396        0.785        5.656            0      324.287       97.538      200.280
      397        0.902        5.597            0      328.555       96.020      198.883
      398        0.788        5.631            0      324.156       98.545      204.204
      399        0.853        5.683            0      326.161       99.079      201.945
      400        0.903        5.645            0      328.826      141.976      206.878
      401        0.939        5.615            0      327.174      122.766      199.693
      402        0.814        5.576            0      325.201      116.582      202.156
      403        0.779        5.626            0      327.661      117.882      202.238
      404        0.731        5.554            0      322.446       95.111      200.704
      405        0.809        5.582            0      327.716      106.176      202.743
      406        0.883        5.539            0      326.289      103.224      198.577
      407        0.866        5.518            0      324.206      131.804      202.105
      408        0.796        5.604            0      325.999      124.816      200.672
      409        0.790        5.640            0      325.352      124.644      201.321
      410        0.819        5.611            0      323.724      113.955      197.518
      411        0.770        5.621            0      325.435      110.352      204.069
      412        0.699        5.546            0      323.322      113.910      202.507
      413        0.758        5.614            0      326.525      132.835      204.483
      414        0.950        5.586            0      325.430      127.563      204.774
      415        0.860        5.559            0      323.259      119.652      203.296
      416        0.788        5.652            0      327.324      127.601      203.882
      417        0.795        5.559            0      326.757      124.417      200.712
      418        0.800        5.651            0      327.230      125.685      203.016
      419        0.824        5.541            0      322.470      120.026      205.378
      420        0.757        5.540            0      325.017      140.179      201.004
      421        0.822        5.563            0      323.640      111.523      202.098
      422        0.832        5.712            0      326.769      129.575      198.821
      423        0.886        5.660            0      327.756      105.935      197.879
      424        0.922        5.649            0      324.490      118.020      194.703
      425        0.837        5.654            0      325.072      116.634      196.803
      426        0.939        5.729            0      326.016      126.630      196.288
      427        0.850        5.576            0      324.432      119.758      196.810
      428        0.735        5.612            0      325.692      118.502      200.956
      429        0.787        5.639            0      324.923      122.919      205.102
      430        0.763        5.619            0      326.081      125.970      200.917
      431        0.811        5.605            0      327.091      106.668      203.437
      432        0.775        5.607            0      327.839      125.985      208.613
      433        0.763        5.535            0      323.693      124.922      203.372
      434        0.687        5.553            0      324.375      121.039      203.193
      435        0.802        5.597            0      325.090      121.868      199.060
      436        0.929        5.659            0      327.050      124.394      197.430
      437        0.912        5.629            0      325.257      122.084      199.628
      438        0.854        5.634            0      325.619      138.761      201.157
      439        0.826        5.632            0      325.459      129.517      202.780
      440        0.893        5.625            0      324.899      112.817      198.298
      441        0.915        5.663            0      325.088      124.722      198.699
      442        0.813        5.657            0      327.232      117.213      201.521
      443        0.830        5.661            0      326.538      124.807      202.257
      444        1.030        5.557            0      321.857      149.266      198.327
      445        0.840        5.667            0      325.792      130.950      201.900
      446        0.761        5.651            0      326.758      131.199      199.761
      447        0.832        5.525            0      323.556      120.808      197.417
      448        0.844        5.627            0      328.012      123.706      202.506
      449        0.802        5.673            0      324.652      112.309      196.452
      450        0.835        5.646            0      323.631      129.897      196.810
      451        0.799        5.557            0      326.428      147.173      206.068
      452        0.957        5.584            0      322.202      111.409      194.679
      453        0.792        5.580            0      323.449      112.606      203.504
      454        0.895        5.688            0      325.260      109.645      199.238
      455        0.824        5.672            0      324.559      101.675      202.896
      456        0.907        5.669            0      327.041      110.812      203.609
      457        0.865        5.570            0      325.104      102.674      197.790
      458        0.830        5.616            0      327.405      107.274      200.312
      459        0.747        5.559            0      325.197      115.076      205.561
      460        0.796        5.559            0      324.506      130.432      203.699
      461        0.783        5.557            0      322.376      128.735      200.257
      462        0.797        5.624            0      326.171      138.987      199.972
      463        0.844        5.735            0      327.786      122.838      204.629
      464        0.749        5.587            0      324.412      123.290      203.034
      465        1.008        5.496            0      324.307      133.713      198.266
      466        0.810        5.579            0      326.182      109.432      201.335
      467        0.784        5.605            0      327.338      125.945      202.751
      468        0.885        5.685            0      325.968      126.670      201.514
      469        0.822        5.639            0      324.433      150.996      198.251
      470        0.763        5.555            0      326.272      128.002      201.095
      471        0.844        5.601            0      325.371      128.716      201.822
      472        0.818        5.601            0      323.994      135.311      194.356
      473        0.828        5.579            0      323.693      111.827      199.796
      474        0.751        5.621            0      324.047      112.753      201.906
      475        0.746        5.599            0      325.727      123.339      195.592
      476        0.774        5.617            0      324.960      117.864      200.196
      477        0.802        5.573            0      324.431      132.885      199.533
      478        0.839        5.538            0      323.517      129.885      206.910
      479        0.804        5.611            0      326.831      134.438      204.749
      480        0.762        5.556            0      321.759      128.953      200.658
      481        0.802        5.618            0      325.859      116.145      202.353
      482        0.858        5.628            0      323.759      142.921      201.518
      483        0.973        5.662            0      325.885      128.411      191.171
      484        0.747        5.605            0      325.274      130.087      199.145
      485        0.817        5.618            0      325.201      116.418      201.516
      486        0.800        5.620            0      326.245      126.547      203.725
      487        0.764        5.613            0      327.252      136.155      198.975
      488        0.822        5.648            0      323.219      129.979      199.591
      489        1.176        5.522            0      326.423      154.140      202.612
      490        0.856        5.592            0      326.152      132.918      199.859
      491        0.823        5.621            0      323.922      126.429      202.420
      492        0.864        5.688            0      325.770      111.418      200.346
      493        0.815        5.587            0      324.323      130.360      206.869
      494        0.896        5.597            0      325.979      139.662      200.764
      495        0.724        5.612            0      327.120      137.611      206.457
      496        0.682        5.557            0      325.541      134.568      204.895
      497        0.831        5.572            0      326.820      126.972      206.516
      498        0.759        5.587            0      326.121      130.475      205.526
      499        0.746        5.599            0      324.814      131.903      198.668
      500        0.886        5.618            0      324.931      133.154      198.979
      501        0.829        5.596            0      325.766      143.592      198.200
      502        0.720        5.634            0      324.656      132.928      194.111
      503        0.875        5.671            0      324.470      128.615      198.906
      504        0.845        5.582            0      325.508      139.572      197.986
      505        0.783        5.719            0      328.507      128.018      199.846
      506        0.826        5.652            0      326.763      126.922      200.639
      507        0.810        5.614            0      325.179      132.388      203.396
      508        0.866        5.553            0      323.581      138.891      198.313
      509        0.701        5.539            0      322.644      129.628      201.264
      510        0.854        5.657            0      327.401      135.245      201.224
      511        0.826        5.559            0      325.303      123.314      201.907
      512        0.792        5.598            0      325.853      143.056      205.533
      513        0.763        5.563            0      323.103      124.356      198.511
      514        0.768        5.641            0      325.953      121.849      205.307
      515        0.838        5.672            0      326.208      125.734      198.578
      516        0.756        5.625            0      326.353      119.684      198.606
      517        0.902        5.652            0      325.396      125.105      200.717
      518        0.816        5.679            0      325.735      117.824      204.212
      519        0.795        5.603            0      326.417      126.042      200.115
      520        0.767        5.542            0      325.400      122.332      207.105
      521        0.803        5.608            0      323.757      135.183      197.564
      522        0.804        5.612            0      326.224      125.944      201.132
      523        0.880        5.645            0      328.283      146.695      201.227
      524        0.757        5.564            0      323.845      122.028      201.036
      525        0.753        5.698            0      327.024      146.414      204.031
      526        0.777        5.620            0      325.849      132.518      203.310
      527        0.810        5.627            0      323.751      109.172      200.038
      528        0.915        5.615            0      325.903      149.763      198.573
      529        0.842        5.620            0      325.320      126.126      200.032
      530        0.746        5.587            0      325.530      115.086      203.241
      531        0.839        5.558            0      323.376      134.935      195.553
      532        0.837        5.605            0      323.730      120.447      194.960
      533        0.835        5.627            0      326.611      117.923      202.072
      534        0.732        5.647            0      325.317      128.209      198.394
      535        0.715        5.620            0      326.784      128.713      205.757
      536        0.791        5.586            0      326.382      125.221      197.346
      537        0.762        5.618            0      324.379      126.034      201.622
      538        0.731        5.577            0      327.249      133.863      206.214
      539        0.707        5.643            0      327.703      133.053      204.114
      540        0.817        5.591            0      324.700      147.230      199.158
      541        0.838        5.717            0      327.436      141.166      201.908
      542        0.880        5.660            0      324.649      117.010      198.400
      543        0.814        5.652            0      325.364      126.924      202.696
      544        0.970        5.641            0      323.909      153.506      193.930
      545        0.757        5.578            0      324.388      131.645      199.995
      546        0.738        5.586            0      325.064      139.696      202.888
      547        0.792        5.669            0      325.696      137.164      203.126
      548        0.807        5.602            0      325.903      134.162      198.392
      549        0.826        5.600            0      326.899      119.531      202.708
      550        0.846        5.636            0      325.422      129.299      199.671
      551        0.863        5.648            0      325.538      130.160      201.326
      552        0.786        5.676            0      327.086      116.431      200.194
      553        0.711        5.613            0      327.832      134.004      204.445
      554        0.769        5.681            0      325.916      134.848      198.404
      555        0.734        5.573            0      328.235      139.584      210.185
      556        0.828        5.659            0      328.187      136.719      203.373
      557        0.726        5.572            0      325.587      132.048      205.816
      558        0.863        5.612            0      325.610      143.737      201.072
      559        0.728        5.667            0      327.210      125.527      201.278
      560        0.882        5.700            0      327.207      125.890      203.601
      561        0.829        5.575            0      324.482      133.340      200.346
      562        0.858        5.614            0      323.426      142.614      195.975
      563        0.753        5.557            0      326.299      133.295      202.710
      564        0.769        5.715            0      326.650      132.501      201.386
      565        0.813        5.651            0      325.321      123.338      194.766
      566        0.724        5.569            0      323.528      133.522      199.735
      567        0.686        5.558            0      325.192      125.740      202.248
      568        0.884        5.579            0      325.329      120.833      203.468
      569        0.767        5.648            0      327.784      142.979      197.450
      570        0.896        5.659            0      326.498      142.172      201.285
      571        0.788        5.626            0      324.480      131.719      196.253
      572        0.767        5.641            0      326.488      133.639      202.792
      573        0.684        5.631            0      327.860      141.817      206.393
      574        0.861        5.658            0      324.526      150.780      191.901
      575        0.777        5.640            0      325.505      134.263      201.504
      576        0.842        5.572            0      325.204      127.900      200.271
      577        0.839        5.548            0      328.173      141.813      206.379
      578        0.846        5.579            0      325.606      134.135      199.988
      579        0.909        5.622            0      324.244      131.547      195.681
      580        0.791        5.584            0      324.589      133.190      204.408
      581        0.852        5.630            0      327.039      146.114      195.080
      582        0.703        5.700            0      326.383      139.955      205.311
      583        1.015        5.641            0      326.114      118.647      202.189
      584        0.750        5.583            0      324.364      115.008      205.595
      585        0.873        5.653            0      324.361      114.030      200.294
      586        1.051        5.666            0      327.202      126.222      200.289
      587        0.787        5.645            0      325.530      101.507      197.317
      588        0.756        5.583            0      322.296      137.349      200.252
      589        0.782        5.742            0      327.486      115.826      198.754
      590        0.821        5.558            0      323.145      108.634      196.816
      591        0.806        5.629            0      325.928      110.779      203.635
      592        1.000        5.522            0      324.872      133.421      202.971
      593        0.856        5.567            0      322.204      120.696      203.270
      594        0.799        5.571            0      324.369      126.494      199.675
      595        0.843        5.561            0      324.342      119.065      201.604
      596        0.756        5.672            0      328.565      115.726      207.231
      597        1.352        5.693            0      329.426      144.685      200.223
      598        1.503        5.514            0      326.156      151.627      201.422
      599        1.390        5.439            0      325.548      155.480      195.179
      600        1.499        5.461            0      325.741      126.670      199.696
      601        1.199        5.454            0      324.807      138.448      199.513
      602        1.550        5.436            0      329.098      128.546      209.728
      603        1.639        5.484            0      325.249      134.770      202.376
      604        1.560        5.548            0      326.932      127.745      201.730
      605        1.664        5.479            0      328.635      121.568      208.888
      606        1.594        5.569            0      330.123      130.711      202.674
      607        1.637        5.578            0      328.112      110.210      202.318
      608        1.599        5.642            0      330.554      129.228      198.245
      609        1.582        5.554            0      327.492      128.167      200.160
      610        1.635        5.573            0      326.935      130.037      205.071
      611        1.637        5.569            0      326.054      130.029      201.629
      612        1.217        5.556            0      325.147      140.046      198.087
      613        1.466        5.553            0      326.875      135.669      195.168
      614        1.494        5.535            0      327.685      128.294      203.948
      615        1.300        5.396            0      323.550      117.067      204.136
      616        1.328        5.539            0      324.173      136.350      195.629
      617        1.403        5.486            0      326.981      147.328      199.436
      618        1.540        5.355            0      323.374      109.317      200.053
      619        1.531        5.499            0      326.183      131.403      202.487
      620        1.260        5.420            0      325.626      149.865      200.255
      621        1.401        5.501            0      324.859      120.582      201.549
      622        1.321        5.501            0      325.780      112.222      204.350
      623        1.480        5.483            0      326.661      120.373      204.692
      624        1.437        5.485            0      325.271      116.851      198.332
      625        1.513        5.579            0      328.584      130.285      204.586
      626        1.582        5.420            0      325.467      107.652      204.402
      627        1.565        5.493            0      326.015      132.522      198.589
      628        1.638        5.517            0      327.671      105.820      201.086
      629        1.722        5.572            0      329.198      124.081      205.387
      630        1.545        5.552            0      327.339      131.586      202.235
      631        1.656        5.517            0      325.795      121.903      198.607
      632        1.607        5.454            0      325.494      150.812      201.133
      633        1.590        5.481            0      325.330      139.103      201.869
      634        1.585        5.535            0      326.730      138.488      207.094
      635        1.579        5.486            0      327.971      137.000      206.815
      636        1.699        5.338            0      326.589      113.404      203.764
      637        1.647        5.422            0      325.645      122.029      206.314
      638        1.652        5.351            0      327.084       97.843      203.251
      639        1.731        5.365            0      326.455      120.246      206.782
      640        1.608        5.348            0      325.230      120.523      202.521
      641        1.695        5.531            0      326.515      147.321      203.755
      642        1.655        5.436            0      325.590      119.485      210.987
      643        1.564        5.537            0      326.415      145.246      202.163
      644        1.346        5.513            0      325.416      119.543      193.872
      645        1.629        5.527            0      326.842      124.440      199.996
      646        1.540        5.650            0      326.704      140.458      200.150
      647        1.599        5.554            0      328.019      116.880      199.901
      648        1.673        5.491            0      328.496      125.330      205.219
      649        1.652        5.519            0      327.051      122.832      204.393
      650        1.588        5.557            0      329.123      118.364      203.778
      651        1.621        5.569            0      328.233      119.777      207.099
      652        1.581        5.524            0      324.810      123.116      204.384
      653        1.703        5.515            0      327.048      121.554      201.007
      654        1.739        5.511            0      328.694      115.668      201.811
      655        1.678        5.483            0      325.482      115.636      200.134
      656        1.586        5.598            0      327.024      129.463      199.663
      657        1.615        5.503            0      327.983      131.050      198.948
      658        1.591        5.551            0      326.787      134.474      203.208
      659        1.631        5.513            0      327.054      129.011      203.674
      660        1.612        5.519            0      326.733      131.253      199.368
      661        1.599        5.576            0      328.262      126.370      203.366
      662        1.638        5.511            0      328.011      114.499      203.158
      663        1.654        5.519            0      327.206      130.641      204.699
      664        1.594        5.574            0      328.786      120.891      202.189
      665        1.747        5.471            0      326.988      110.099      202.752
      666        1.678        5.556            0      330.691      111.589      203.849
      667        1.773        5.409            0      326.354      125.174      204.826
      668        1.696        5.514            0      326.334      129.587      199.904
      669        1.660        5.533            0      327.032      109.511      201.811
      670        1.736        5.470            0      328.187      109.196      200.274
      671        1.644        5.501            0      327.457      124.194      201.852
      672        1.610        5.440            0      324.834      133.454      202.359
      673        1.639        5.438            0      325.723      122.979      204.801
      674        1.603        5.533            0      327.042      119.805      203.478
      675        1.709        5.509            0      328.287      139.750      203.281
      676        1.526        5.589            0      326.914      135.601      203.522
      677        1.596        5.630            0      329.293      113.725      203.841
      678        1.599        5.475            0      327.966      104.709      201.409
      679        1.600        5.502            0      326.551      123.879      204.440
      680        1.642        5.450            0      326.730      127.545      205.840
      681        1.590        5.522            0      327.446      128.569      204.127
      682        1.585        5.549            0      326.532      112.223      201.237
      683        1.671        5.477            0      325.786      141.121      199.497
      684        1.763        5.344            0      327.369      106.483      200.759
      685        1.770        5.288            0      325.893      113.058      202.590
      686        1.593        5.550            0      329.887      115.772      202.521
      687        1.595        5.513            0      326.679      107.779      201.833
      688        1.641        5.537            0      326.828      116.343      199.943
      689        1.658        5.561            0      328.497      131.352      204.412
      690        1.533        5.543            0      327.480      111.160      202.872
      691        1.648        5.530            0      328.401      139.373      204.535
      692        1.681        5.566            0      330.637      137.623      209.819
      693        1.623        5.518            0      327.329      127.493      205.908
      694        1.654        5.491            0      326.178      131.880      206.630
      695        1.655        5.375            0      328.351      139.852      204.551
      696        1.605        5.459            0      325.730      128.007      202.342
      697        1.737        5.497            0      328.408      124.202      200.488
      698        1.589        5.556            0      330.141      122.405      205.938
      699        1.543        5.598            0      329.208      129.560      204.811
      700        1.644        5.409            0      327.265      104.033      202.383
      701        1.548        5.401            0      326.124      142.879      201.378
      702        1.679        5.347            0      327.835      103.487      200.182
      703        1.738        5.361            0      326.039      131.873      198.112
      704        1.710        5.361            0      328.333      131.320      201.390
      705        1.775        5.266            0      327.885      105.483      200.653
      706        1.598        5.343            0      321.865      142.911      194.307
      707        1.364        5.419            0      324.444      149.458      201.329
      708        1.192        5.326            0      325.015      163.431      201.991
      709        1.514        5.399            0      325.907      130.094      202.395
      710        1.254        5.406            0      326.810      111.955      199.718
      711        1.233        5.393            0      326.114      128.715      201.301
      712        1.156        5.424            0      324.613      142.837      200.951
      713        1.105        5.478            0      324.502      146.292      191.214
      714        1.446        5.413            0      327.718      113.350      200.308
      715        1.358        5.301            0      323.918      125.810      202.000
      716        1.394        5.360            0      324.265      118.647      198.549
      717        1.221        5.500            0      326.394      119.072      196.378
      718        1.381        5.425            0      322.759      121.261      201.568
      719        1.823        5.317            0      326.710      122.342      201.444
      720        1.613        5.277            0      324.637      137.572      205.267
      721        1.664        5.426            0      329.016      129.322      203.563
      722        1.638        5.342            0      328.097      108.203      198.923
      723        1.593        5.394            0      328.699      134.740      205.090
      724        1.618        5.462            0      328.397      111.552      203.498
      725        1.634        5.420            0      330.204      131.414      207.871
      726        1.545        5.369            0      322.454      132.341      196.500
      727        1.558        5.521            0      327.695      125.724      206.475
      728        1.607        5.505            0      327.182      110.696      205.650
      729        1.647        5.541            0      327.234      120.425      201.779
      730        1.596        5.556            0      326.724      129.331      202.039
      731        1.713        5.547            0      327.166      118.489      204.499
      732        1.687        5.462            0      327.419      122.430      204.990
      733        1.526        5.513            0      326.953      139.154      203.722
      734        1.583        5.298            0      327.441      136.654      204.397
      735        1.741        5.326            0      328.506      111.678      204.485
      736        1.660        5.438            0      329.724      126.910      210.298
      737        1.663        5.364            0      325.797      104.425      203.447
      738        1.625        5.599            0      331.548      148.613      206.118
      739        1.561        5.615            0      327.622      128.826      197.105
      740        1.227        5.495            0      325.331      100.047      200.302
      741        1.620        5.535            0      327.220      122.453      205.291
      742        1.663        5.332            0      326.192       95.630      201.317
      743        1.648        5.430            0      328.293      110.485      203.324
      744        1.686        5.373            0      330.533      116.710      209.347
      745        1.719        5.348            0      326.276       97.921      205.258
      746        1.639        5.307            0      323.988      120.648      196.987
      747        1.618        5.379            0      326.930      123.446      207.070
      748        1.684        5.353            0      326.269      111.620      202.886
      749        1.639        5.397            0      328.663      108.581      212.882
      750        1.692        5.324            0      324.608      120.967      201.888
      751        1.676        5.331            0      323.202      117.288      203.759
      752        1.644        5.268            0      326.148      125.907      207.749
      753        1.630        5.457            0      328.494      126.018      205.078
      754        1.646        5.347            0      327.105      122.262      207.213
      755        1.440        5.453            0      327.417      122.203      203.460
      756        1.323        5.472            0      325.821      103.815      203.887
      757        1.569        5.470            0      325.231      100.876      198.439
      758        1.481        5.402            0      323.107      135.931      202.243
      759        1.377        5.436            0      325.076      114.932      200.055
      760        1.447        5.482            0      325.710      154.139      199.875
      761        1.337        5.573            0      327.973      147.982      197.464
      762        1.426        5.486            0      326.572      142.157      201.776
      763        1.359        5.500            0      326.112      142.863      201.921
      764        1.530        5.490            0      324.907      129.006      196.413
      765        1.246        5.467            0      325.075      137.199      199.739
      766        1.334        5.495            0      327.640      138.840      200.806
      767        1.416        5.510            0      326.097      146.251      203.778
      768        1.451        5.491            0      328.104      161.264      200.984
      769        1.567        5.473            0      326.684      134.684      205.008
      770        1.653        5.395            0      324.590      149.078      199.817
      771        1.498        5.434            0      325.272      131.615      204.675
      772        1.563        5.454            0      325.990      138.693      202.073
      773        1.354        5.482            0      324.506      134.384      201.120
      774        1.419        5.451            0      324.590      144.695      200.370
      775        1.460        5.571            0      327.376      124.724      201.182
      776        1.328        5.532            0      324.646      144.331      197.887
      777        1.609        5.509            0      327.377      129.099      203.512
      778        1.623        5.469            0      324.719      123.660      198.905
      779        1.601        5.514            0      326.647      138.879      204.543
      780        1.633        5.580            0      328.497      134.532      202.723
      781        1.651        5.490            0      325.376      114.235      199.552
      782        1.651        5.517            0      327.186      128.008      203.915
      783        1.565        5.601            0      330.374      127.789      202.065
      784        1.664        5.448            0      327.145      134.205      207.899
      785        1.617        5.591            0      330.171      156.218      209.216
      786        1.682        5.493            0      327.408      126.543      202.025
      787        1.673        5.450            0      329.484      118.801      207.904
      788        1.661        5.544            0      329.204      132.927      209.845
      789        1.635        5.573            0      328.101      134.546      203.632
      790        1.658        5.537            0      325.960      124.212      200.841
      791        1.633        5.547            0      327.299      132.788      204.000
      792        1.435        5.541            0      325.354      145.811      195.912
      793        1.572        5.457            0      322.600      133.460      203.259
      794        1.615        5.389            0      329.092      100.790      199.894
      795        1.774        5.403            0      327.844      102.481      204.573
      796        1.613        5.570            0      328.522      120.889      202.471
      797        1.700        5.438            0      326.893      129.330      203.591
      798        1.702        5.400            0      327.923      115.318      205.977
      799        1.601        5.552            0      327.847      118.809      200.497
      800        1.633        5.503            0      326.002      120.546      200.112
      801        1.633        5.582            0      328.935      133.796      203.809
      802        1.580        5.433            0      327.033      131.526      202.623
      803        1.689        5.376            0      328.251      114.134      200.869
      804        1.730        5.344            0      326.296      108.991      202.097
      805        1.674        5.381            0      325.913      103.514      204.880
      806        1.556        5.344            0      324.929      122.532      203.960
      807        1.638        5.492            0      327.205      115.694      199.008
      808        1.657        5.563            0      326.934      125.710      203.217
      809        1.674        5.443            0      325.195      126.932      203.806
      810        1.617        5.513            0      324.247      117.907      197.532
      811        1.669        5.455            0      329.403      106.891      203.988
      812        1.508        5.370            0      325.657      120.947      206.116
      813        1.647        5.422            0      328.314       97.158      202.959
      814        1.687        5.485            0      328.802      124.698      202.966
      815        1.678        5.273            0      323.914      114.657      203.612
      816        1.674        5.351            0      325.288      110.469      202.732
      817        1.628        5.400            0      328.601      124.563      204.364
      818        1.641        5.403            0      327.901      129.242      204.461
      819        1.586        5.466            0      327.894      120.859      203.670
      820        1.638        5.341            0      325.850      103.548      201.576
      821        1.582        5.426            0      324.399      121.209      204.082
      822        1.673        5.398            0      329.042      112.741      207.320
      823        1.657        5.398            0      329.811      126.058      207.391
      824        1.670        5.403            0      326.794      118.582      200.287
      825        1.636        5.353            0      325.893      109.089      201.509
      826        1.705        5.367            0      326.062      107.626      201.934
      827        1.877        5.275            0      326.208       82.307      201.203
      828        1.573        5.432            0      327.624      116.573      199.787
      829        1.712        5.348            0      325.464      108.737      203.507
      830        1.734        5.338            0      325.102      112.018      201.113
      831        1.610        5.391            0      328.253      114.560      205.358
      832        1.694        5.344            0      325.078       97.244      204.207
      833        1.676        5.413            0      328.219      121.329      204.228
      834        1.734        5.353            0      325.165       97.429      203.867
      835        1.826        5.283            0      326.010       97.330      205.174
      836        1.702        5.371            0      326.668      107.341      199.451
      837        1.562        5.428            0      327.529      123.981      201.529
      838        1.582        5.365            0      325.440      111.732      205.016
      839        1.671        5.432            0      330.647      115.930      205.130
      840        1.684        5.337            0      324.548      103.759      200.608
      841        1.712        5.422            0      326.958      115.924      202.622
      842        1.750        5.321            0      325.590      102.722      198.795
      843        1.715        5.320            0      327.215      109.069      207.175
      844        1.532        5.353            0      325.247       95.373      199.654
      845        1.612        5.427            0      327.138      125.441      206.736
      846        1.701        5.347            0      327.120       95.683      203.665
      847        1.689        5.329            0      327.171       99.012      200.354
      848        1.630        5.473            0      326.835      124.549      202.299
      849        1.533        5.371            0      323.833      123.518      207.013
      850        1.629        5.268            0      326.442      115.174      203.140
      851        1.699        5.461            0      326.472      114.046      199.923
      852        1.789        5.497            0      325.545      129.539      200.047
      853        1.653        5.354            0      328.041       97.571      200.701
      854        1.620        5.432            0      326.838      113.449      208.624
      855        1.582        5.386            0      327.821      116.485      200.759
      856        1.632        5.482            0      325.660      128.013      203.691
      857        1.602        5.415            0      326.256      129.618      203.082
      858        1.576        5.547            0      326.312      140.397      204.959
      859        1.630        5.255            0      324.713      116.570      204.276
      860        1.610        5.565            0      326.727      144.210      202.206
      861        1.645        5.474            0      326.027      127.687      202.618
      862        1.665        5.518            0      327.933      122.732      198.976
      863        1.692        5.473            0      325.119      124.524      199.534
      864        1.686        5.507            0      328.633      111.003      206.516
      865        1.582        5.571            0      327.866      131.062      200.495
      866        1.574        5.408            0      325.388      113.834      201.204
      867        1.641        5.600            0      329.795      136.509      202.221
      868        1.568        5.553            0      328.009      134.520      203.210
      869        1.502        5.495            0      328.237      125.041      202.521
      870        1.580        5.573            0      328.945      136.171      202.232
      871        1.616        5.568            0      326.101      130.667      206.111
      872        1.670        5.448            0      325.115      113.529      198.871
      873        1.673        5.487            0      327.357      134.347      205.036
      874        1.661        5.490            0      326.664      120.735      203.799
      875        1.610        5.547            0      325.331      133.941      200.435
      876        1.689        5.336            0      326.590      121.507      203.605
      877        1.676        5.422            0      324.589      124.818      201.778
      878        1.612        5.436            0      325.245      133.343      202.421
      879        1.639        5.226            0      323.413      125.642      204.697
      880        1.824        5.311            0      326.566      125.346      204.088
      881        1.719        5.385            0      327.886      121.988      200.795
      882        1.643        5.375            0      327.709      114.124      204.067
      883        1.557        5.269            0      323.181      125.851      200.938
      884        1.582        5.323            0      326.805      140.229      206.830
      885        1.695        5.372            0      324.965      118.754      202.433
      886        1.712        5.380            0      324.431      108.759      201.556
      887        1.328        5.452            0      326.824      108.045      193.007
      888        1.621        5.390            0      329.699      107.857      202.491
      889        1.733        5.296            0      323.717      116.947      200.017
      890        1.757        5.390            0      328.875      111.415      201.066
      891        1.639        5.338            0      327.133      112.906      198.411
      892        1.667        5.375            0      325.736      109.206      203.177
      893        1.675        5.422            0      328.171      127.594      206.892
      894        1.602        5.511            0      329.128      121.592      205.621
      895        1.705        5.270            0      324.961      110.112      202.920
      896        1.653        5.334            0      327.855      122.903      201.475
      897        1.603        5.427            0      327.349      121.009      200.531
      898        1.703        5.362            0      325.152      110.234      202.887
      899        1.533        5.311            0      326.238      117.239      205.665
      900        1.646        5.381            0      325.644      109.485      200.876
      901        1.656        5.343            0      327.209       99.687      200.562
      902        1.737        5.405            0      328.951      108.020      209.212
      903        1.707        5.347            0      327.505      123.615      208.980
      904        1.676        5.538            0      327.372      130.910      200.783
      905        1.560        5.538            0      326.503      128.092      199.809
      906        1.633        5.417            0      328.283      116.015      205.258
      907        1.588        5.513            0      326.078      142.327      201.781
      908        1.663        5.547            0      328.488      124.349      202.696
      909        1.633        5.496            0      326.749      139.771      207.336
      910        1.649        5.515            0      326.853      125.624      198.836
      911        1.538        5.594            0      327.221      127.226      204.479
      912        1.668        5.481            0      326.788      133.149      202.324
      913        1.619        5.587            0      328.147      126.121      199.832
      914        1.627        5.473            0      329.021      109.379      202.318
      915        1.669        5.500            0      327.640      112.164      204.883
      916        1.684        5.519            0      326.071      120.908      201.569
      917        1.608        5.606            0      328.196      140.862      205.232
      918        1.637        5.521            0      327.682      111.150      206.655
      919        1.626        5.463            0      325.458      113.648      205.597
      920        1.624        5.528            0      327.100      113.948      202.489
      921        1.625        5.572            0      328.682      123.995      201.646
      922        1.672        5.504            0      326.138      106.358      203.174
      923        1.593        5.641            0      330.533      130.436      206.146
      924        1.644        5.568            0      327.548      130.484      202.069
      925        1.511        5.536            0      326.529      112.806      200.441
      926        1.754        5.531            0      328.858      129.435      204.361
      927        1.649        5.463            0      331.947       90.085      204.829
      928        1.757        5.354            0      329.399      113.081      206.212
      929        1.600        5.410            0      327.591      114.727      196.235
      930        1.649        5.382            0      325.211      111.536      205.309
      931        1.649        5.367            0      328.621      118.702      200.569
      932        1.582        5.541            0      325.537      126.451      207.917
      933        1.653        5.447            0      326.320      131.678      208.763
      934        1.578        5.551            0      326.643      123.410      200.007
      935        1.684        5.404            0      324.836      108.320      202.802
      936        1.542        5.601            0      327.222      130.871      199.045
      937        1.200        5.502            1      321.281      135.755      184.549
      938        1.522        5.558            0      327.225      140.062      206.199
      939        1.654        5.445            0      326.752      108.853      200.605
      940        1.730        5.500            0      327.193      122.481      203.511
      941        1.632        5.566            0      325.539      118.299      198.750
      942        1.677        5.486            0      327.848      121.428      201.736
      943        1.626        5.600            0      329.539      115.862      197.388
      944        1.552        5.518            0      325.261      133.731      198.044
      945        1.226        5.445            0      320.562      111.626      192.170
      946        1.581        5.387            0      326.009      101.652      200.954
      947        1.530        5.510            0      327.302      120.984      207.701
      948        1.568        5.557            0      329.971      132.621      203.100
      949        1.556        5.487            0      327.622      112.708      203.522
      950        1.671        5.460            0      326.047      103.161      201.488
      951        1.708        5.493            0      328.181      113.711      201.101
      952        1.634        5.546            0      327.907      125.710      201.981
      953        1.623        5.477            0      328.282      126.466      199.968
      954        1.588        5.549            0      325.963      113.592      201.753
      955        1.614        5.573            0      328.319      126.722      199.313
      956        1.634        5.518            0      327.086      124.899      200.140
      957        1.633        5.503            0      327.495      124.836      200.753
      958        1.664        5.433            0      327.344      129.268      204.555
      959        1.610        5.623            0      330.477      141.645      202.450
      960        1.690        5.497            0      326.682      109.611      202.605
      961        1.620        5.577            0      327.976      131.231      202.486
      962        1.694        5.504            0      327.520      104.547      198.490
      963        1.641        5.525            0      325.482      124.146      201.183
      964        1.701        5.493            0      327.497      135.630      203.266
      965        1.685        5.447            0      324.481      126.511      199.688
      966        1.671        5.573            0      326.488      135.971      198.108
      967        1.570        5.531            0      325.325      129.884      202.595
      968        1.308        5.482            0      323.712      138.151      191.662
      969        1.254        5.514            0      325.119      132.550      196.484
      970        1.663        5.525            0      325.428      124.456      201.218
      971        1.586        5.556            0      326.882      114.190      203.069
      972        1.609        5.519            0      326.423      129.466      203.413
      973        1.602        5.592            0      330.084      126.443      202.029
      974        1.644        5.535            0      327.041      124.828      200.745
      975        1.446        5.508            0      329.017       87.817      203.500
      976        1.421        5.568            0      326.790      101.156      200.836
      977        1.273        5.528            0      328.334       93.839      201.420
      978        1.406        5.476            0      325.988      135.272      199.711
      979        1.402        5.534            0      327.009       99.639      199.593
      980        1.492        5.478            0      327.178      110.827      197.475
      981        1.391        5.508            0      325.354       95.696      194.466
      982        1.513        5.458            0      324.516       97.756      199.420
      983        1.393        5.583            0      326.613       92.347      189.673
      984        1.454        5.486            0      326.203       90.305      197.924
      985        1.466        5.472            0      325.805      116.191      204.939
      986        1.438        5.478            0      325.128      108.628      197.204
      987        1.349        5.478            0      327.264      131.099      204.975
      988        1.323        5.445            0      327.169      118.797      201.817
      989        1.383        5.443            0      325.340      120.425      202.086
      990        1.318        5.455            0      322.885      133.232      202.893
      991        1.422        5.488            0      326.234      116.709      201.197
      992        1.386        5.580            0      324.820      157.715      195.902
      993        1.300        5.568            0      328.083      126.283      199.180
      994        1.158        5.452            0      323.852       93.034      203.919
      995        1.298        5.508            0      326.795       95.363      200.521
      996        1.285        5.391            0      323.832       92.533      198.456
      997        1.401        5.415            0      323.267       88.055      198.649
      998        1.522        5.455            0      327.283      110.062      197.913
      999        1.193        5.490            0      324.845      119.668      201.543
     1000        1.296        5.465            0      326.837      130.271      202.986
