## Torsion are defined with the following atomIDs:
# dihed1: ai= 6428 aj= 6429 ak= 6430 al= 12551
# dihed2: ai= 6410 aj= 6409 ak= 6408 al= 6407
# dihed3: ai= 6427 aj= 6411 ak= 6412 al= 6413
# dihed4: ai= 6412 aj= 6413 ak= 6414 al= 6416
# dihed5: ai= 6413 aj= 6414 ak= 6416 al= 6417
# dihed6: ai= 6414 aj= 6416 ak= 6417 al= 6418
# dihed7: ai= 6416 aj= 6417 ak= 6418 al= 6419
# dihed8: ai= 6417 aj= 6418 ak= 6419 al= 12543
# dihed9: ai= 6419 aj= 6418 ak= 6420 al= 6421
# dihed10: ai= 6422 aj= 6423 ak= 6424 al= 12546
# Frame#   dihed1   dihed2   dihed3   dihed4   dihed5   dihed6   dihed7   dihed8   dihed9  dihed10
0    3.239   12.408  -36.106  155.309  179.468 -113.289  -71.034   87.020  -71.678    6.640
1  -77.719  -81.986  -18.348 -167.836 -176.687 -138.483  -62.641   93.668  -68.962   -5.219
2  -72.873  -57.900   -7.080  156.536  177.633 -104.488  -61.656   87.868 -110.780   28.455
3  -78.108  -73.307  -31.250 -171.853  172.800 -130.085  -65.184   83.016 -102.269  -10.182
4  -50.481  -12.178   -6.742  155.039 -177.531 -123.943  -63.080   76.387 -101.558   -0.500
5  -51.552   -9.083  -47.723 -177.842 -175.461 -122.847  -72.534   94.843  -75.794  164.737
6  -79.462  -57.100    5.827  175.430 -179.299 -168.244  -56.023   71.265  -61.874  178.281
7  -39.189  -15.398  -21.087  162.013  177.571 -114.713  -60.220   43.762  -93.278   19.250
8  -50.688  -85.212  -17.895  165.190  168.044 -111.898  -58.979   73.901  -83.861   18.097
9  -37.918  -24.707   -6.840 -166.473  174.864  172.833  -67.508   37.667  -53.714   12.189
10  -86.094  -91.253  -21.037  169.709 -177.759 -123.597  -66.447   48.468  -79.459  -39.602
11  -86.205  -93.027   -0.011 -173.076 -179.184 -178.718  -56.130   67.196  -35.244   35.913
12  -83.959  -97.212  -11.569 -149.846 -175.801 -179.064  -61.572   55.846  -75.853    8.985
13   -7.565  -79.748    3.701 -171.018  171.119 -166.507  -68.791   43.109 -109.295   25.250
14  -36.022 -103.876  -13.514 -167.256  171.155 -160.299  -68.765   55.373  -68.872  -10.796
15   13.973  -97.228  -20.172 -166.493  165.893 -145.062  -72.174   61.539  -58.953    8.889
16  -47.737  -64.781  -23.186 -158.033 -177.603 -163.000  -62.820   69.075  -86.659   17.042
17  -20.504  -90.754   -5.637 -150.882  178.161 -162.863  -58.668   11.229 -111.536   35.435
18 -132.234  -64.490   15.821  174.041 -179.518 -139.893  -66.824   56.446 -115.705   18.286
19  -71.053  -88.719    0.581 -166.142  170.935 -162.175  -64.831   61.148  -88.710   26.708
20  -28.193  -96.941  -17.959 -158.105 -161.209 -166.924  -64.132   45.616  -48.190    7.373
21  -18.346 -105.915  -14.409 -173.156 -175.791 -101.467  -60.484   29.704 -141.149   -3.652
22  -13.746  -72.008  -36.720 -176.546 -175.300 -111.045  -62.779   55.291  -81.078    8.191
23    9.350  -91.770  -19.990 -160.447  172.469  176.054  -41.721   57.172  -61.373   -8.644
24  -27.514  -94.326  -28.632 -150.032  174.977 -165.982  -48.397   56.719  -45.947  -38.953
25   -5.228  -92.248  -43.122 -147.778  179.617 -139.799  -69.021   51.801  -79.380    2.017
26   12.268  -92.608  -25.852 -151.287  176.087 -177.303  -56.136   67.303  -46.972   10.553
27   -1.279  -85.679  -27.448 -160.687 -162.150 -150.132  -57.540   37.869  -89.759   -4.360
28  -12.880 -101.033  -15.368  178.480 -178.465  -87.998  -51.142   53.189 -121.409   10.407
29   -9.299 -111.420  -27.826 -147.378 -173.114 -177.345  -45.867   37.863  -64.130    7.155
30  -23.331  -72.070   -9.715  176.817  172.934 -143.434  -42.584   49.070  -81.703   12.663
31   -3.353  -86.818   -5.409 -176.647  164.225 -159.126  -67.046   70.537  -68.945  -10.509
32   16.441  -90.778  -24.140 -161.622 -176.637 -138.544  -59.813   41.106 -104.514    5.276
33   -3.587 -101.709  -25.037 -151.170  177.536 -154.165  -60.920   48.867  -85.135   13.187
34  -12.600  -79.525  -14.033 -142.515  179.667  162.210  -54.637   64.601  -36.161  -16.960
35  -21.299  -98.983  -35.091 -174.250  172.907 -141.728  -46.385   50.499  -82.876   -6.416
36   -0.322  -90.181  -28.992 -146.723 -176.412 -170.802  -57.717   47.035  -98.614   -0.102
37  -14.354  -85.403  -23.513 -171.078  176.274 -147.858  -63.323   52.040  -59.601    5.442
38   -6.752 -104.640  -23.667 -162.725  164.317 -124.391  -60.866   71.608  -65.674   10.002
39    2.471  -73.945  -18.102 -169.341  173.985 -139.971  -54.551   51.124  -78.967   12.025
40  -13.000  -87.803   -8.640  174.495 -179.217  -94.612  -56.440   13.797 -117.402   10.923
41   -6.259 -108.421   -2.828  161.943  179.209  -50.164  -55.006   59.145 -132.888 -165.869
42  -11.778  -67.544  -32.114 -178.171  174.907  -56.529  -45.412   78.156 -145.385  167.224
43  -17.687  -84.797  -16.485 -178.891 -163.142  -74.128  -40.652   48.476 -179.795 -173.002
44  -24.832  -80.163  -15.062 -161.757 -172.272  -92.631  -39.169   78.321 -143.493  148.832
45    9.045 -100.016  -32.036 -158.620 -168.752 -101.357  -55.383  123.692  -67.096   10.286
46    0.304  -70.802    8.478 -175.207 -167.034 -133.807  -58.804 -174.315   77.061   -5.674
47   -1.415  -91.689   32.220  170.700  178.347 -148.234  -57.925  154.167  116.075  175.724
48  -27.436  -82.438   -6.745  174.239 -177.468  -67.904  -48.551   43.770  176.751   -9.451
49   14.627 -117.346  -46.431 -164.763  168.750  -84.849  -52.545   60.856 -126.023    9.939
50   -7.991 -105.922  -27.435 -154.668  177.408  -83.166  -47.308   54.119 -128.370   -6.065
51   -1.273 -110.969  -18.713 -164.594 -176.304  -80.715  -45.941   42.976  -69.551  -11.638
52    2.963 -115.548    3.709  168.549 -174.503  -87.154  -50.223 -173.538  -68.253    7.900
53  -16.567  -65.223  -19.316 -170.484 -175.803  -85.745  -69.269  104.156  -54.018    0.623
54   18.637  -92.793   -5.438 -166.364  179.892  -76.972  -71.611   81.997  -51.858    9.645
55  -16.114 -104.975  -13.521 -175.711 -179.006  -85.232  -47.424   71.629 -121.855   -9.198
56  -11.692  -96.547   10.255  179.857 -177.038  -89.168  -48.683   79.377  -42.416  -12.965
57    1.114  -75.293  -10.714  176.250 -172.981 -101.031  -46.519   68.480   33.628  147.025
58    9.595  -94.735  -22.560 -178.391  178.112  -78.408  -35.284   62.008 -117.505  176.771
59  -14.422  -95.693  -10.712  170.011 -177.075  -66.798  -36.978   68.749 -123.754    9.093
60   -9.974 -119.816  -11.177  176.160 -178.960  -82.350  -44.753   68.932 -124.302   15.799
61  -13.974  -69.307  -24.303 -172.561 -177.493  -85.228  -55.653   99.426  -68.026   11.639
62  -15.813  -96.473  -20.291  178.758 -179.261  -68.658  -51.689   65.705 -128.431    6.605
63    4.680  -79.966  -22.709  172.204 -171.478  -65.705  -40.797   59.774 -157.115   20.980
64   -0.618 -109.456  -20.281  175.565  178.389  -62.439  -48.358   97.059 -131.188   16.728
65 -108.694  -59.780  -37.458 -161.653 -160.445  -79.571  -66.636   86.095  -53.176  173.388
66  -32.020 -107.160   -4.962  157.005  177.798  -79.682  -42.676   98.890 -126.707  150.142
67  -41.030 -104.980  -14.000  178.851 -174.801  -62.619  -45.490   48.859   23.180 -171.477
68    1.689  -80.331   -0.349  174.974  178.243  -75.582  -45.260   73.469   32.124 -170.582
69   -4.777  -97.114  -23.533 -174.942 -176.699  -82.006  -44.481   65.144   44.437  171.324
70  -12.951 -106.715  -19.962  168.240 -154.857  -90.800  -45.221   70.770   49.610 -150.222
71   11.885  -87.266  -13.063  176.322  178.474  -69.228  -46.066   65.028   43.163 -172.014
72  -32.633  -94.925  -35.027 -171.525 -171.279  -52.465  -49.985   87.012   47.758  167.574
73   -7.034  -93.650  -13.675  173.474  179.687  -73.039  -47.327   82.337   77.316  104.266
74  -31.816 -105.700  -10.775 -178.343 -173.962  -81.079  -53.602   76.883   62.236 -174.498
75    8.374  -98.062  -24.055 -175.579 -172.559  -81.464  -41.265   78.022   49.688  177.785
76  -23.691 -101.294  -14.035  174.070 -174.558  -55.850  -49.818   99.407   53.889  -13.485
77  -11.574  -82.996  -41.585 -154.662 -174.388  -80.909  -46.745   68.128 -149.297   10.183
78   -9.731  -96.136  -52.566 -161.380 -178.468  -64.826  -58.609   92.418 -134.861    8.691
79  -33.667  -89.455   -0.043  171.641 -173.454  -87.136  -39.873   77.426 -131.758    0.543
80   11.218 -105.203  -16.874  174.019 -171.888  -63.062  -51.182   76.026 -102.637   -0.603
81  -21.420  -90.793  -13.173  171.903  176.516  -56.808  -52.825   67.255 -137.893    7.923
82   -6.133  -99.260  -27.371 -154.815 -166.566  -90.136  -45.193   99.110 -129.944   -4.951
83    7.458  -89.949   -3.996  159.003 -179.621  -67.935  -68.925 -177.304  -45.083    3.567
84  -21.138  -94.664  -18.580 -171.681 -174.544  -80.245  -50.040   74.086 -136.073    9.733
85    6.507  -91.791   -0.320  161.377 -175.682  -73.510  -39.142   66.176 -137.546   45.067
86   -8.029  -96.590  -38.243 -169.896 -173.129  -64.368  -49.604   95.087 -111.198  -11.121
87  -24.267  -96.428  -29.567 -165.047 -174.371  -79.126  -45.716   76.798 -141.634   23.803
88   -9.931  -96.871  -12.208 -158.848 -163.898  -80.585  -48.785   61.968 -147.181    8.896
89   -2.279  -83.003    6.048  169.360  178.298  -76.681  -46.834   82.894 -131.142  -11.341
90  -16.787  -84.964  -31.718 -173.031 -172.679  -80.985  -38.732  106.035 -109.683   -3.944
91   -3.500  -92.930  -31.197 -165.336 -177.567  -64.271  -56.805  103.023 -147.845   17.884
92   -2.354  -95.672  -18.381 -174.948 -165.160  -76.970  -45.022   81.315 -123.360   -6.257
93   -9.635  -92.616  -43.272 -172.254 -173.880  -78.674  -45.284   86.224 -129.160   -5.079
94   31.480  -61.425  -17.717  171.316  175.033  -65.718  -49.694   69.721 -145.389   24.152
95    8.954  -89.763  -14.736  170.004 -177.271  -77.213  -51.202  102.885 -123.450    5.480
96  -17.291 -101.884  -31.813 -165.669  177.270  -67.536  -47.830   73.523  -86.216 -164.246
97   -8.245 -106.356  -24.694 -173.582 -174.869  -62.692  -42.076   93.126 -144.367   -4.605
98  -10.458  -89.907  -13.992  178.940 -179.805  -83.405  -47.856   75.058 -122.473   -0.684
99  -15.683 -111.451  -47.242 -168.617  173.569  -63.612  -46.474   69.198 -123.907  174.197
100  -20.352 -109.967  -18.819  169.772 -171.204  -74.653  -52.834   81.323 -133.445  168.339
101   -4.892  -88.494  -39.075 -164.532 -169.628  -63.455  -59.207  112.633  -65.016  172.841
102    2.600  -98.455  -25.696 -169.747 -167.084  -82.164  -46.147   73.771 -110.425 -177.795
103  -15.871  -94.309  -44.463 -159.898 -173.339  -81.789  -35.751   61.346 -135.827   10.196
104  -18.384  -90.656  -29.459 -156.849 -173.633  -87.219  -51.847   71.702 -136.744   10.348
105    2.616 -100.550  -18.098 -179.919  177.304  -80.338  -53.140   60.734 -124.573  -28.394
106   -6.767  -60.949  -29.552 -172.098 -169.447  -74.506  -37.632   84.403 -150.949  -41.806
107  -13.061 -101.754   -7.516 -173.656  178.408  -90.228  -42.181   79.927 -134.258   13.193
108  -18.628  -86.899  -35.163 -167.897 -166.790  -72.140  -52.611   99.571 -124.590   12.008
109    5.269  -95.541    8.045  164.159  172.624  -74.435  -47.631   59.365 -135.936    1.068
110  -19.892  -86.828  -21.816 -158.777  175.050  -80.119  -58.728   69.262 -133.834   10.102
111  -13.376 -120.068  -14.825 -173.030  178.608  -66.341  -46.630   88.014 -132.977   10.478
112    8.336 -109.175  -20.770  173.472  177.526  -78.726  -49.465   74.108 -121.748    0.890
113    4.862  -96.495  -17.991  179.161 -177.034  -77.727  -61.480  107.317 -138.458    0.413
114    0.437  -94.713   -6.458  174.925 -166.369  -82.483  -43.712   78.561 -136.810  132.545
115   -9.384 -114.302  -30.953 -170.317 -176.548  -72.459  -43.781   84.207 -160.133  165.827
116   -4.412  -98.747  -34.173 -169.246 -179.253  -63.786  -50.496   93.160 -110.134 -170.311
117  -32.980 -111.813  -19.738  179.145 -175.727  -63.273  -48.105   91.456  -39.851    2.487
118   36.947  -83.075  -19.125  178.332  169.314  -63.191  -43.039   42.223   60.110   -9.798
119  -11.706 -104.146  -33.814 -167.057 -170.928  -73.184  -63.760   94.371  105.755   10.883
120    5.631  -91.907  -19.800 -162.808  179.991  -66.417  -48.776   81.223   39.256   -4.268
121  -16.455 -103.535  -32.571 -169.150 -166.843  -76.591  -57.944   89.392   99.351    6.674
122   -2.319 -106.484  -20.860 -168.198  177.249  -69.964  -52.905   94.920   48.499   -3.254
123   -9.146 -111.247   -7.986 -178.204 -179.393  -80.830  -46.536   57.881   35.226   10.498
124   -4.853  -99.528  -12.108  167.123  177.341  -77.457  -39.813   94.021   42.213  -30.438
125    6.750 -101.286   11.264  173.937  176.367  -83.023  -56.937   76.071   31.360 -172.888
126  -16.347 -107.399  -42.962 -161.152 -174.395  -82.598  -37.493  100.408   49.948  176.482
127   -0.183 -104.839    2.506  162.419  169.157  -79.230  -46.742   96.978   83.300  179.464
128   -6.933  -69.279  -32.865 -160.865 -167.881  -90.488  -48.763   71.313   50.290  114.915
129   -8.276  -85.218  -15.179  175.030 -174.920  -97.228  -39.315   44.117   60.808  178.464
130    7.118  -96.365  -22.179 -173.031 -177.818  -73.692  -49.667   74.256   46.588  168.174
131   -7.771  -92.353  -25.193 -169.154 -169.597  -87.880  -38.946   82.313   44.598 -178.960
132   -7.733  -85.978  -17.555  179.147 -175.975  -71.189  -53.115   97.301   85.372 -166.830
133    9.898  -90.983  -31.855 -171.114 -168.957  -81.927  -54.610   68.587   72.116   -3.529
134  -14.539  -92.681  -29.293 -170.460 -177.419  -52.765  -47.424   76.469   28.590  148.835
135  -23.184  -85.782   -3.671 -174.591 -167.316  -98.883  -47.644   73.827  142.016   -2.592
136   -7.145  -97.290  -16.455 -178.258 -170.834  -73.660  -45.386   78.574   63.869   -3.065
137  -27.659  -95.462  -22.309 -166.728 -175.781  -83.695  -48.357   66.554   72.407  -30.275
138   -0.840 -114.907  -15.069  164.761  167.606  -69.041  -41.592  100.758   50.057  -26.205
139   -2.726  -97.116    3.661  176.284  177.475  -93.657  -51.166   86.913   64.990  121.964
140   -7.668 -116.224  -23.055  179.782 -163.719  -70.687  -48.457   78.541   55.212 -144.701
141    2.784  -94.311  -26.893 -153.406 -160.198  -97.114  -37.819   72.363   37.866 -171.248
142    3.793  -93.064    0.767  177.770 -179.602  -88.440  -54.099   66.086   44.851 -167.422
143   -0.669 -100.258  -32.031 -147.158 -178.338  -97.204  -42.846   88.610   47.975 -160.532
144   10.475 -100.025  -24.291  174.416 -178.238  -70.897  -40.510  107.769   48.628  161.532
145   -6.672  -92.892  -28.427  174.876 -179.189  -55.803  -50.044   73.817   52.173  179.898
146  -26.994  -88.281  -32.618 -164.558 -178.600  -91.646  -36.799   82.545   69.209 -163.031
147   -6.128  -88.222    5.590  147.990  179.663  -60.707  -50.254   66.287   52.411  177.882
148  -22.721  -96.851  -26.675  173.577 -177.543  -75.898  -39.564  102.970   55.208 -173.908
149   -5.192  -95.216   -4.593 -157.842 -175.552 -105.147  -57.553   74.561   30.154   -3.761
150    7.448  -90.410   30.294 -164.081 -174.171 -169.839  -69.026  178.437   83.353   19.400
151  -30.573  -81.092  -18.762  176.514  176.566  -63.259  -41.968   74.310 -140.348   -5.347
152    1.055  -92.438   13.245  151.201  178.977  -87.066  -51.634   92.446 -131.325   -2.054
153   -9.746  -97.071   -6.858  177.493  177.232  -90.062  -44.159   65.508 -129.746   34.882
154   -7.719  -97.552  -21.717  177.005  179.859  -78.790  -52.737   91.809  146.993   11.274
155   12.954  -89.118  -23.652  164.361 -176.751  -69.515  -45.533   51.521  116.787 -174.923
156   -1.362 -108.758  -42.386 -170.122 -175.003  -77.062  -48.019  112.873   50.800  178.424
157   -4.468  -88.494  -34.926 -178.923  172.379  -75.554  -42.520  100.796   53.230  165.622
158    1.462  -98.088  -27.663 -168.965 -160.910  -69.644  -59.660   60.983  169.336 -157.111
159  -15.237  -97.343  -27.833  178.317  175.471  -68.192  -49.141  107.383 -123.479   -6.176
160   -7.162  -90.334  -22.469 -173.691 -172.082  -83.265  -40.315  110.947   50.914 -175.155
161    3.739 -100.067  -25.614 -153.009 -169.747  -87.523  -35.717   78.272 -130.116 -178.605
162  -10.970  -87.192   -1.880  177.708  171.991  -71.145  -52.758  104.960 -141.781 -175.975
163  -11.085  -95.812  -25.724  178.639 -174.564  -81.734  -37.136   72.680 -137.012  -52.670
164  -11.267  -86.658  -24.318 -167.569  177.141  -79.869  -47.544   54.639 -112.085 -160.486
165    1.554 -105.967  -11.379 -178.757 -172.579  -78.412  -42.108   65.954   56.861 -156.291
166  -10.648  -66.359  -18.565  173.770 -168.512  -76.561  -49.422   95.927   53.995  162.669
167  -16.768 -108.703  -25.798 -165.045 -171.850  -79.730  -48.597   82.024   46.723  164.224
168   -8.828  -82.221  -35.092 -158.146 -168.688  -79.462  -45.694   72.774   50.441 -174.662
169    6.399  -85.063  -32.387 -172.318  178.434  -61.595  -48.677   82.841   55.179 -177.120
170  -10.588 -103.542  -29.597 -178.722  177.396  -66.016  -53.837   84.736   59.031  139.786
171    0.967  -93.106  -39.072 -172.223 -175.783  -65.043  -54.631   55.184   54.037 -164.539
172   -8.202  -87.785  -14.335  157.424 -155.337  -84.544  -59.407   82.477  140.107  165.605
173  -19.409  -97.751    4.457  164.507 -177.618  -94.947  -57.470   67.502  -55.547 -172.024
174    8.413  -92.455   -0.420 -179.077 -178.758  -89.322  -50.163   84.458   41.222  173.328
175   -6.516 -107.689  -23.298 -166.183 -169.367  -67.214  -63.620   66.899  111.860 -169.019
176  -29.915  -99.236   10.812  165.844 -177.952  -68.992  -38.437   14.294  133.183 -160.813
177  -25.774  -97.000  -18.933 -160.900 -166.716  -83.482  -54.471   62.113  125.888  147.467
178   -5.285  -97.223  -11.006 -167.991  178.955  -85.096  -45.501  120.536   44.458 -168.773
179   -8.822 -103.134  -36.573 -157.287 -168.562  -79.138  -50.753   81.724   68.110   11.322
180  -19.747  -95.929  -30.844 -174.973 -173.773  -64.403  -55.465   83.858  134.885   -2.793
181   22.710  -81.803    8.105  146.649  179.737  -63.516  -47.197   72.157  121.173   -8.032
182   -8.234  -86.511    0.263  173.018 -169.309  -78.597  -66.028   98.754  123.572 -153.299
183    9.815  -94.357  -38.188 -173.042  178.023  -46.018  -47.287   61.965   27.176  161.183
184  -16.220 -104.705  -30.694 -167.196  170.192  -81.681  -31.203   74.366   48.845  172.187
185   -4.100  -92.688    1.433  177.945 -165.721  -82.971  -69.741   86.385  141.678  151.100
186   -7.461  -99.677  -20.134 -164.195 -170.720  -94.139  -56.785   96.143  156.387  -35.009
187  -18.675  -92.647  -28.073  179.430 -168.506  -74.884  -52.481   78.463  133.108   -9.133
188    5.120  -99.276  -33.074 -176.143 -168.051  -74.678  -36.625   83.781   37.143 -170.690
189  -19.531  -76.076  -11.002 -164.603 -177.527  -92.121  -36.357   92.509   54.570 -165.380
190  -13.990  -88.953  -20.087  169.564 -171.394  -74.355  -34.723   49.115   13.724 -175.698
191  -21.156 -103.488  -22.134 -179.907 -176.637  -79.062  -54.116   69.492   67.639  168.096
192   17.917  -89.165   16.840  147.999 -178.695  -91.784  -50.744   57.541   21.087 -177.815
193  -12.742 -104.208  -18.114  172.100 -162.267  -93.643  -43.034   50.810   49.687 -169.449
194   10.908 -104.324  -35.459 -158.211 -171.981  -89.122  -46.660   94.318   60.066 -172.140
195   -7.628  -97.462  -18.159 -170.660 -171.630  -89.766  -47.405   81.485   80.251  116.391
196   -5.185  -67.074  -24.199 -173.940 -176.284  -65.987  -53.737   84.971   61.935 -173.242
197  -10.747 -101.108  -26.644 -175.781 -176.529  -85.417  -42.034  100.218   52.943  172.784
198  -19.009 -100.013  -27.089 -178.114 -179.989  -72.745  -46.720  102.973   58.355  172.233
199   18.618 -108.064  -14.766 -163.313  176.055  -72.991  -48.721   63.182   66.276  150.206
200  -12.621 -100.544  -15.374  174.176 -171.819  -72.645  -41.856   92.351  172.345    7.439
201   -0.758  -98.250   -4.340  174.944 -178.396  -73.433  -43.877   98.754 -134.166    7.039
202  -26.044  -89.784  -29.614 -169.470 -170.630  -82.930  -33.986   59.454 -112.906  -26.092
203    9.134  -85.495  -25.577 -162.578 -178.595  -78.171  -41.008   82.438 -140.090  -20.893
204   -8.545  -56.485  -13.689 -179.126 -176.621  -81.561  -51.926   83.003 -121.104  -17.225
205    3.707  -94.758  -19.670  176.122 -178.675  -50.283  -57.871   62.885   23.613  -19.939
206    1.606 -104.413  -11.416 -170.449  179.512  -95.198  -54.347   87.832  -77.924   17.602
207  -43.673 -109.169  -17.702 -170.507 -173.583  -78.872  -39.459   71.962 -138.707    3.853
208  -27.655 -106.061  -16.637 -167.052 -161.637  -92.294  -51.957   69.783 -131.096   -7.530
209    0.554 -117.226    4.786  154.549  177.231  -59.239  -40.757   62.180 -157.211   17.352
210   -3.704  -78.917  -37.487 -175.989 -166.094  -77.934  -54.156   83.142 -120.793    6.844
211    4.372  -96.394  -31.994 -174.611  170.376  -60.730  -56.112   90.313 -130.300   50.933
212   -3.996 -113.572   -9.490  179.837 -170.437  -89.145  -55.678   66.675  116.644  -17.704
213   -9.310 -114.074  -23.499 -166.331 -172.885  -85.446  -54.963   75.544   48.757  171.547
214  -18.070 -110.941  -27.777 -162.167 -171.186  -70.494  -43.820  109.176   49.727   28.757
215   15.430  -99.701  -14.420  174.256 -175.163  -87.467  -46.134  106.090   57.616  171.187
216  -12.709  -87.599  -26.103 -166.660 -174.543  -78.551  -48.814   67.016   32.320   -6.279
217    9.807 -106.345  -20.701  168.914 -175.987  -71.124  -50.702   58.972   60.355  177.912
218  -29.384  -80.162   -6.345  176.411 -176.703  -85.009  -62.587   88.195  117.469 -151.804
219  -17.228  -95.611   -4.329  161.297 -171.625  -79.952  -45.782   86.196  -77.378 -167.487
220    9.491  -89.933  -20.236  171.719 -166.371  -90.129  -35.300   75.775  -80.379 -154.003
221   -5.000  -84.874  -23.367 -179.807 -177.561  -67.104  -61.368   82.701  -68.225  174.501
222  -15.331  -76.726   -8.982  157.079  177.006  -60.245  -48.542   74.648  -47.780   -8.983
223   32.433  -89.995  -13.627 -176.654  175.528  -58.197  -76.002   60.378 -167.206   14.610
224  -26.197 -101.020  -52.670 -164.268 -174.021  -68.179  -53.242   65.316  -81.656   -8.012
225  -29.572 -109.649  -30.439  178.760  172.115  -75.850  -31.980   64.815   40.091  -27.307
226  -23.528 -107.926  -30.372 -144.600 -157.790  -88.103  -45.436   47.633  -92.461   -5.585
227   -1.729  -95.438  -29.361 -170.700 -173.321  -65.991  -38.900   46.881 -157.942    2.207
228   -5.819  -69.154  -28.843 -168.994 -170.364  -76.715  -45.570   61.756  132.303  159.406
229  -18.556  -95.447  -15.384 -176.921 -175.650  -84.187  -44.979   93.451 -130.295 -179.511
230    3.116 -100.523   -7.360 -171.275  175.861  -75.222  -35.243   70.456 -148.300  159.959
231  -32.291  -78.521  -32.594 -164.757 -173.421  -95.620  -40.197   53.786   69.618  170.364
232  -31.439  -96.866  -12.872  160.871  172.853  -70.647  -42.402   92.920   40.778  167.913
233  -25.598  -89.324  -41.926 -173.165 -175.401  -63.040  -43.679   69.733   44.989 -158.975
234  -13.646  -93.453  -17.227 -177.100 -177.188  -98.632  -35.285   77.805   59.008  164.857
235   -1.696  -74.149  -23.684 -174.922 -170.471  -85.438  -44.428   58.117 -149.814  153.286
236    3.680  -92.343  -23.694 -158.946 -175.299  -73.115  -43.628   68.323  -51.298 -172.322
237    6.605  -90.179  -36.145 -161.766 -174.316  -90.764  -56.350  125.901  -40.570  -11.245
238  -13.449 -108.178  -32.556 -171.994 -175.765  -81.750  -35.131   84.462 -146.371   17.730
239   -6.064 -108.245  -35.788 -177.490 -179.936  -75.855  -59.023   81.045  -62.792  -35.531
240  -16.911 -108.076   23.773  144.037  174.450  -72.406  -56.680   76.357  -44.186   -1.791
241  -22.079  -89.894   22.730  162.444 -177.098  -83.704  -54.730   76.532  -53.150  -36.786
242    0.190 -100.017  -15.001  157.498  179.528  -60.214  -44.067   69.604 -140.079   44.095
243   -2.837 -112.365  -33.751 -155.194 -172.159  -53.130  -48.869   43.489 -129.660   -3.178
244  -28.844  -95.565  -14.473 -176.934 -172.475  -59.424  -49.202   72.391 -103.987    0.325
245  -10.850 -110.463  -29.947 -177.886  176.302  -75.921  -45.891   79.913   49.361   32.337
246    4.463  -82.522  -26.756  175.224 -174.942  -80.199  -38.352   61.884   57.390  164.035
247  -13.438  -96.783  -37.599 -160.059 -163.313 -101.298  -33.508   61.722   49.231  178.779
248  -41.140  -91.321  -18.438  163.509  170.826  -58.471  -48.301   88.185 -119.932   -3.926
249   14.644  -84.360  -29.939 -168.530 -167.108  -97.639  -44.488   68.570 -102.479  -28.277
250  -20.937  -86.197   16.565  163.340 -171.044 -105.283  -42.797   70.292 -120.847 -175.957
251   -3.150  -99.835  -16.878 -174.343 -169.319  -77.800  -56.612   89.071  -58.781 -168.446
252  -30.893 -107.879  -34.634 -174.377 -164.579  -77.493  -43.546   82.970  -51.479  155.901
253   -4.714  -87.255  -29.155 -163.433 -177.765  -86.669  -36.043   70.887 -136.953  -25.586
254  -22.514  -96.921  -18.438 -166.654 -173.659  -72.759  -44.420   63.744 -158.302    1.974
255   -1.083  -90.779  -28.883 -169.315 -171.034  -90.516  -49.479   65.063  -73.196  -12.455
256   -4.319  -97.276  -31.159 -174.646 -175.091  -59.900  -47.530   89.960 -117.180  -16.364
257  -12.072 -109.967  -18.036 -171.977 -175.884  -60.986  -69.183   73.612  136.508    1.644
258  -23.968 -105.256  -18.348  167.887 -161.258  -56.173  -42.748   56.208  104.263    4.770
259    5.231  -77.094  -12.896 -179.138 -176.071  -83.330  -53.353  103.441  152.736    7.999
260   -4.953 -112.699   -5.373  167.899 -169.675  -88.480  -58.599   81.448  109.739   -9.881
261   -7.210  -91.718   -1.564 -179.700 -167.860  -93.239  -52.121   91.385  145.915   -3.026
262   -1.514 -111.811  -14.207  179.048 -168.154  -77.186  -50.868   91.343   79.064   26.901
263  -11.137  -85.729  -16.448 -179.304 -165.168  -71.179  -44.200   91.753   24.012   10.009
264  -19.298  -83.505  -14.107  172.575 -178.965  -80.105  -43.769   74.831   39.709   -0.339
265  -16.983  -99.777    1.229  175.081 -176.650  -92.619  -35.529   84.111  125.628  -16.105
266  -17.572  -87.983  -21.528 -175.996 -166.751 -100.054  -35.729   88.034   41.243  128.397
267  -15.163  -83.553  -12.845 -176.976 -172.344  -90.462  -48.415   80.159   54.136 -173.475
268  -11.709  -72.237  -27.867  164.986 -171.311  -72.663  -45.643  123.228  -50.343  -30.421
269  -19.033  -79.762  -21.851  168.149  178.216  -66.097  -61.853  100.587  -61.290   36.348
270   -9.081  -85.158  -17.418  171.459 -179.741  -63.925  -46.975   66.519   86.125  -42.720
271   -2.774 -100.858  -20.630 -165.781 -172.020  -75.617  -43.767   58.752    4.917   20.855
272  -16.768  -95.830  -14.434  174.650 -168.760  -96.526  -40.024   33.568  -68.205   12.984
273   -7.700 -105.072  -15.254  172.125  177.384  -68.957  -41.769   84.369   54.341 -176.103
274  -10.931 -130.148  -31.506 -175.553 -174.076  -72.780  -48.061   49.533   48.266  -18.790
275  -44.898  -99.989  -10.456 -173.020 -173.917  -99.239  -47.921   85.963 -140.220   -6.437
276  -10.851  -85.240  -31.642 -161.284 -165.171  -92.730  -53.649   79.045  -96.586   28.616
277  -32.879  -90.575  -15.351 -171.023 -171.279 -122.928  -51.993  178.235  -42.333   10.879
278    2.601  -87.455    4.592  171.206 -178.277  -72.631  -42.907   78.929 -154.246    9.314
279    1.233  -89.817  -17.185 -178.429 -172.964  -79.420  -44.315   92.511 -146.548  145.314
280   -2.895 -105.539   -2.555  175.906 -171.434  -88.250  -48.212   73.733 -136.625  170.280
281  -16.935  -90.627  -14.853  177.718  178.817  -68.996  -50.082   99.198  122.180 -158.599
282    0.697  -80.920  -36.283 -177.391 -167.770  -62.510  -46.826  112.448 -167.743  -37.700
283  -18.866 -100.699  -20.944 -174.212 -171.236  -70.896  -42.906   66.609 -119.553   -2.382
284    4.558 -108.434  -27.514  167.154 -174.519  -66.798  -44.630   65.105 -125.793   -6.598
285   -9.983  -93.753  -36.663 -164.197 -174.406  -78.579  -46.432   75.249 -116.295  -19.181
286    1.654  -98.281  -37.030 -165.868 -169.594  -81.177  -49.297   81.399 -121.417  162.101
287    5.298 -101.326  -21.623 -179.423 -173.972  -72.222  -33.642   66.930 -147.320  159.202
288    1.080 -112.866  -29.371 -144.352 -176.546 -109.649  -43.830   63.096 -104.482  171.925
289  -30.246  -60.431  -12.282 -179.912 -178.331  -88.231  -54.993   46.464  136.333 -164.474
290  -19.947  -77.509   -3.929  178.117 -178.516  -84.106  -51.014   75.409  136.954 -168.122
291  -16.908  -87.879  -37.286 -166.086 -176.136  -80.869  -41.330   86.722   92.780  164.948
292   -7.003  -94.949  -22.004  170.467 -176.110  -67.204  -60.407   91.061  113.190 -171.574
293    4.263  -97.294  -10.704  174.863  172.498  -69.997  -54.532   84.714  103.948  171.205
294   -4.048 -113.934  -11.591 -172.992 -176.813  -77.472  -56.715   90.300  135.323   16.500
295  -10.095  -87.364  -17.865 -179.458 -176.420  -96.046  -49.897  143.032  173.919  -11.346
296    1.847  -96.721  -13.866  176.959 -170.177  -71.889  -57.214   46.316  129.052   -6.401
297  -14.246  -97.214  -18.052 -169.389  175.961  -80.053  -37.188   69.173   64.771 -176.493
298    0.386  -92.279  -22.240 -179.829  176.594  -72.807  -47.998   85.668   55.913 -153.611
299  -16.371 -100.871  -28.529 -166.950 -169.008  -88.360  -39.933   65.456   28.713  175.729
300  -17.527  -92.588  -15.887  172.968 -165.394  -59.973  -49.751   74.160   46.957 -162.876
301   -6.041 -115.470  -40.407 -157.425 -157.117  -85.081  -61.386  124.115   59.959  176.895
302  -35.989  -91.066  -15.364  173.564  179.629  -71.071  -57.031   87.166   36.279   -2.619
303   29.153  -94.057  -23.925 -174.670 -177.464  -89.004  -51.834   99.109   89.195    7.571
304   -2.847 -102.499  -20.290 -165.945 -169.427  -96.577  -44.742   82.276   49.347    7.777
305    8.627 -105.715  -41.975 -154.655 -170.155  -94.188  -50.613   80.875  129.545   40.945
306  -10.638  -94.071   -7.303  156.743  175.948  -67.569  -51.839   99.104 -136.225  160.914
307  -23.447  -93.499    2.518  158.601  170.515  -75.470  -52.769   97.289 -130.187 -178.703
308  -10.582  -90.925  -25.568 -156.162 -167.435 -111.232  -56.438 -174.104  -89.776  168.323
309  -12.216  -77.287  -15.737 -162.411 -179.236  -79.545  -51.842   81.064 -116.603   11.050
310  -19.489 -103.169  -11.683  172.631 -175.443  -62.278  -52.019   68.989 -131.527   28.693
311  -37.106  -94.848  -16.691 -163.724 -174.703  -99.959  -33.850   75.964 -122.935    5.456
312   20.291  -97.962  -11.459  174.836  179.365  -86.247  -42.270   72.612 -138.034  -11.415
313  -21.105  -99.218  -30.803 -166.650 -170.027  -73.424  -47.898   71.867 -126.897 -158.793
314   -9.914  -83.473  -32.341  177.053 -174.440  -56.964  -43.407   75.823 -123.772  162.527
315   -4.480  -85.825  -43.714 -170.728 -175.853  -71.549  -26.445   89.564 -143.283  179.098
316    0.071  -73.486  -19.241 -179.550 -166.608  -84.733  -38.962   74.046 -148.558   23.218
317  -23.223 -113.318  -32.007 -173.146 -169.171  -77.034  -38.244   72.522 -115.710  -21.824
318   -8.292  -90.037  -18.364  175.765 -174.965  -81.853  -54.538   59.066 -121.930   17.502
319  -19.162 -108.327  -48.515 -163.201 -176.452  -59.696  -52.937   57.615 -119.541  -31.890
320   -9.335 -107.363    4.782  177.763 -172.815  -97.710  -44.557   66.888 -140.032    2.010
321   -4.558  -96.539  -23.744 -165.192 -172.783  -86.250  -44.689   60.750  -96.696    1.313
322   -2.215  -76.752  -33.372 -165.746 -176.486  -70.548  -63.368   80.710 -154.301   14.585
323  -15.511 -100.369  -34.500 -159.832 -175.143  -67.268  -50.676   77.455 -136.312   16.747
324   -2.585 -101.777  -29.120 -172.332  170.322  -50.660  -56.695   68.397 -133.360   14.518
325   -9.716  -68.245  -13.344  175.768 -171.360  -74.542  -44.807   86.901 -145.586   16.651
326  -15.306 -107.273  -18.924 -168.187  179.142  -84.900  -52.308   89.998 -115.815  -52.150
327  -10.019 -101.136  -20.719 -175.390  178.328  -82.301  -44.607   53.732 -119.190  -16.896
328    6.470  -91.965  -25.507 -171.315 -163.970  -90.642  -36.681   89.380   62.294 -171.879
329  -20.400  -74.525  -26.685 -169.483 -165.611  -86.324  -41.638   79.455   40.187  -14.966
330  -12.235  -67.366  -36.151 -164.527 -179.887  -66.757  -53.696   86.168   30.885  -43.435
331   -6.245  -62.481  -29.483 -162.462  171.197  -73.582  -57.104   77.027   35.609 -169.646
332  -22.496  -87.415  -13.110  165.290  176.019  -68.486  -47.624   58.696   63.047 -169.756
333   -4.623  -96.301    7.905  162.659 -172.141  -74.393  -56.343  109.881  145.013  162.602
334    9.386  -85.249  -31.506 -173.151 -176.478  -71.723  -37.310   46.116   33.096 -155.874
335    2.702 -116.311  -24.808 -173.219 -170.263  -78.130  -48.939   79.838   58.392 -165.587
336    3.271  -79.187  -23.618  171.601 -168.565  -65.243  -47.815   92.240   33.502 -162.015
337  -14.578  -85.750  -51.613 -158.302 -178.361  -67.929  -46.988   81.769   49.922  166.464
338  -16.037 -113.223  -39.912 -165.482  178.818  -69.515  -33.267  102.830   41.199 -172.844
339  -22.341  -96.658  -22.104  174.169  178.751  -73.903  -46.243   87.075   46.110 -173.318
340    1.916  -83.048  -49.681  177.600  174.596  -63.351  -42.237   87.066   76.427 -170.882
341  -12.504  -97.641  -22.460  178.695 -173.009  -69.316  -45.979   86.733   40.942 -144.598
342   -6.077 -110.563  -15.552  177.543 -166.379  -76.174  -59.304   93.196   59.152   12.025
343  -12.807  -83.762   -6.952  169.704  176.699  -64.186  -50.872   84.163  -21.083   33.062
344    0.819 -109.370  -25.080  173.396 -167.704  -80.095  -42.016   93.775   36.864   19.258
345  -26.801 -109.075  -42.396 -124.669 -165.396  -64.024  -54.733   16.399  -32.354  -11.539
346    7.789  -73.540  -25.868  177.613  179.688  -71.181  -51.903  102.282   -1.025   35.322
347  -13.079  -90.987  -22.109  172.721 -164.766  -84.844  -43.135   89.266   54.890  -33.542
348   -5.848  -92.580  -58.622 -160.490 -173.196  -66.356  -35.762   68.329   34.210 -159.643
349  -17.382 -122.620  -35.182 -164.870  177.333  -69.292  -65.023  157.657  122.044    7.469
350    7.359  -81.822  -45.448 -160.292 -179.551  -75.898  -45.914   84.583   38.557  -15.836
351  -15.376  -81.774   -3.197  162.848  178.731  -72.177  -49.396   90.534   42.998  176.310
352    5.038 -100.532  -46.241 -168.028  173.170  -53.906  -54.506   95.802  -11.710 -173.249
353  -11.637  -90.829  -22.396  178.069  170.201  -78.229  -43.678   92.386   65.746  164.693
354   11.961  -76.904  -17.019 -176.763  172.704  -67.615  -50.214   82.020   34.916  162.452
355  -19.343 -103.128  -25.834 -167.493 -174.042  -69.133  -50.088   84.293   51.595  159.423
356    7.704 -105.573  -20.980  165.469 -176.221  -65.975  -42.286   97.640   45.014    0.652
357  -36.423 -106.311  -29.060 -173.388 -173.603  -59.023  -51.739   79.936   40.555   -8.338
358    1.863  -65.198    5.623  157.611  179.605  -75.093  -56.490   84.875   71.483   21.182
359    0.745  -96.987  -42.975 -158.800 -173.551  -84.297  -47.768   93.213   77.277  168.238
360  -18.280  -85.694  -15.128  175.442  173.819  -71.420  -31.767   84.616   38.669 -141.806
361  -17.394 -101.582  -27.622 -175.132 -179.262  -80.056  -56.965   83.129   61.596  173.999
362   -2.133 -114.931  -27.818  176.185 -174.764  -68.223  -37.984   66.846   37.191  168.473
363  -20.626 -102.941  -35.475 -170.094  170.387  -66.915  -41.833   75.353   41.395  179.049
364  -14.147  -93.351  -16.749 -165.289 -176.801  -90.366  -53.299  108.778    0.816    4.013
365  -15.665  -92.102  -30.527  179.625 -176.887  -58.132  -47.925   82.602   44.139    7.003
366  -10.739  -89.278  -17.669  177.857 -174.317  -65.686  -51.517   70.942   49.695  -12.423
367    0.968 -100.227  -27.966 -172.370 -178.030  -60.757  -45.640   67.174   37.434    7.340
368   -6.076  -73.694  -13.045 -177.206 -172.116 -105.476  -29.985   63.865   50.750 -172.838
369   -2.557  -78.382  -25.663 -172.979 -175.461  -83.948  -42.253   96.655   98.423  159.428
370    1.245  -85.638  -32.482 -170.826 -173.317  -87.405  -53.099   77.824   35.062 -167.516
371    9.177  -61.800  -32.562 -175.744 -176.962  -74.600  -41.586   83.066   53.350 -171.247
372    4.311  -82.395  -26.225  164.784 -179.736  -72.730  -28.067   68.681   51.750 -137.052
373  -15.331 -104.835    1.084  168.734 -172.499  -78.752  -46.349   60.164   56.434    0.730
374    5.900  -89.557  -40.498 -151.909 -173.299  -85.072  -38.823   74.409   35.628   23.127
375   -6.030  -89.371  -26.616 -172.155 -178.919  -66.925  -45.989   86.046   43.501   -2.101
376  -11.926  -72.587    4.793  171.006  176.589  -67.273  -47.178   71.876   46.426    1.899
377   -1.839  -84.596  -53.697 -157.026 -179.402  -64.515  -47.870   82.538   51.208   -5.261
378    8.638 -103.910  -21.138  169.446 -174.237  -57.424  -40.315   72.326   48.706   -9.796
379   -8.664  -79.277  -47.241 -159.861 -172.509  -74.316  -40.595   78.119   33.750 -147.159
380   -5.562 -110.118  -20.775 -178.128 -179.870  -81.318  -42.884   86.039   47.196  158.929
381  -18.666  -97.135  -28.161  174.739 -173.343  -69.685  -59.808   94.075   40.698 -151.776
382  -15.432  -89.046  -41.055 -158.983 -178.304  -68.143  -53.040   85.808   54.198  155.089
383    1.535  -93.343   11.321  168.127 -179.132  -81.046  -48.163   69.312   29.460 -142.380
384   -5.914  -90.579   -8.369  179.343 -171.646  -78.647  -52.347   71.036   52.003  169.099
385  -22.629  -96.255  -25.362  171.835 -177.941  -69.635  -41.401   85.707   46.961 -157.009
386   -9.443  -86.564  -26.608  171.623  173.894  -58.867  -53.270   93.501  143.686  176.774
387  -13.296 -102.198  -27.319 -175.068 -163.123  -82.418  -38.520   85.822  172.093   -3.393
388   -0.474  -82.293   -1.359 -176.423 -174.795 -108.135  -54.179   48.302  136.139 -166.693
389   17.804  -75.893  -18.597  169.727  177.388  -68.895  -57.439  122.145  155.817 -143.902
390   -0.521  -72.839  -16.938  162.523  177.709  -76.185  -58.900  161.365  -63.537  147.051
391   -1.774  -97.036  -35.757 -165.911 -175.689  -68.523  -45.788   85.325 -141.322  145.335
392    5.605  -90.878  -17.180 -179.429  174.348  -97.220  -32.039   96.553 -130.805 -142.672
393   26.077  -74.582  -30.136 -158.727 -177.267  -90.417  -36.247   60.836 -140.227   -5.612
394   -7.822  -90.068  -39.073 -173.573  177.866  -57.776  -43.914   80.375 -129.819   19.561
395  -10.130 -107.032  -21.746 -161.997  174.576  -96.373  -34.973   67.800 -131.023   16.384
396   18.277 -100.168    2.857  160.713 -174.547  -85.721  -44.794   60.214 -124.468   10.997
397   -9.808  -77.082  -39.704 -164.900 -172.057  -70.348  -29.425   78.915 -151.162  -18.910
398   -1.670 -100.089  -39.031 -166.506 -168.594  -79.601  -44.796   73.027 -136.068   23.080
399  -58.791  -78.547   -0.274  171.150 -177.254  -89.022  -35.761   51.528 -124.007  -11.313
400  -68.565  -69.979  -16.778  164.464 -172.525 -102.973  -43.287  100.203  -45.385   18.530
401  -99.188  -83.850  -23.454 -165.999 -177.434  -52.178  -55.005   59.229  171.152  -22.814
402  -26.075  -80.438  -42.763 -159.502 -166.686  -99.629  -43.089   63.737 -131.935   20.456
403   16.567  -91.200  -23.550  160.614  179.606  -60.810  -37.583   64.490 -156.855   -9.127
404  -15.648  -80.436   -4.761  163.248 -178.771  -71.717  -48.635   70.800 -129.250   -5.652
405   -3.394  -81.078  -31.412 -164.744  179.838  -67.852  -48.313   95.419 -145.631   11.866
406   -0.927  -88.031  -41.583 -150.417 -175.715  -87.325  -47.293   85.754 -139.181   20.436
407  -19.588  -88.263  -36.186  179.165  168.000  -67.026  -40.608   81.420  110.189   -3.545
408    8.293  -93.241  -26.066  178.067 -176.485  -68.288  -48.994   91.567   66.421  -11.139
409  -14.144  -61.057  -19.004  176.252 -171.394  -75.400  -40.582   90.601   52.300    5.678
410  -19.878 -117.883  -27.821 -164.206 -171.511  -78.090  -46.814   88.617   42.789    8.402
411   -5.400  -76.739    0.210  160.817  179.880  -83.551  -36.474   67.182   45.498 -153.682
412  -17.781  -93.482  -39.622 -166.447 -174.718  -82.401  -53.156   66.162   53.107  179.222
413   -4.086  -81.420    5.332 -164.997 -176.944 -121.414  -50.913   74.518   60.953  173.117
414    2.057  -93.992  -33.958 -164.355 -178.109  -68.548  -49.569   74.461   70.826  159.554
415  -21.639  -94.076  -26.044 -168.598 -174.706  -72.749  -38.575   93.743   59.159 -178.735
416   -7.415  -82.369  -11.677  174.183  175.174  -67.764  -46.546   72.354   42.212 -163.484
417   -3.794  -77.711  -16.990 -169.546  176.090  -72.092  -54.385  104.510   56.471 -157.752
418  -15.335  -81.744   -9.303  176.224 -175.229  -78.614  -46.524   82.887   36.072 -165.208
419    6.550  -64.670  -12.437  172.904  177.746  -64.181  -53.337  101.365   46.603  169.127
420  -25.981  -97.566  -25.761 -165.002  179.506  -79.979  -51.543   92.520   56.073 -179.755
421   -5.404  -93.914  -26.274 -165.368  176.863  -89.678  -53.093   83.894   53.854 -167.732
422    0.538 -101.149   -4.466  162.169 -178.350  -79.135  -46.522   76.314   28.609 -156.612
423   -2.769 -109.117  -42.328 -148.993 -165.668  -87.611  -43.163   71.351   48.138 -177.679
424  -18.077 -118.205  -28.442 -177.983 -179.433  -73.111  -33.575   58.116   56.429 -171.525
425  -19.093 -105.599  -21.845 -178.157  174.737  -75.273  -36.909   58.954   41.499 -158.922
426  -23.150 -110.324  -14.693 -174.110 -171.492  -76.253  -38.430   71.126   47.673 -166.540
427   -8.273 -106.331  -30.918 -179.954 -177.361  -68.490  -42.894   71.455   40.398 -175.119
428    2.526  -89.851  -29.829 -172.041 -165.425  -99.657  -43.890   79.899   60.052 -159.569
429  -16.729  -90.473  -18.962  179.828 -177.843  -85.265  -32.874   78.551   49.199  170.422
430  -19.102  -88.351   -9.989  176.278  173.802  -74.918  -51.066   77.428   62.083 -175.608
431  -27.671  -78.269  -39.185 -164.023 -178.987  -75.611  -36.961   64.091   52.464  172.949
432    5.630  -87.902  -26.198 -155.979 -168.897  -99.837  -43.925   68.097   59.566 -176.464
433   11.348  -92.645  -12.358  178.613  169.527  -82.176  -36.264   73.413   42.416  163.964
434   -8.594  -44.950  -38.604 -169.442 -169.281  -83.794  -50.575  108.273   55.497    3.409
435  -20.479  -89.143  -25.466 -173.241 -174.225  -85.080  -49.774   97.378   51.705  -21.341
436   -9.094  -95.092  -13.101 -161.027 -173.224 -101.757  -31.474   95.654   39.484   -5.264
437  -17.684  -79.907   -9.733  175.256 -165.707  -86.823  -36.467   64.322   37.091  155.198
438   -6.877 -112.399   11.276  150.665  178.078  -77.281  -50.584   95.746   56.086  177.023
439  -14.878  -81.991  -10.863  175.428  177.447  -86.955  -39.474   70.364   65.036  149.317
440   -9.020  -91.511  -35.205  162.219  173.000  -53.811  -27.476   66.421   55.266  175.070
441  -18.809 -102.167  -30.829 -162.829  179.565  -70.843  -36.416   73.413   51.862  174.310
442    3.400  -84.158  -38.036  175.234  173.689  -50.204  -58.742   93.176   63.983  160.941
443   -4.284  -89.144  -20.317 -159.535 -176.061  -98.509  -49.450   51.626   74.422  177.270
444   -3.503 -116.587  -15.429  177.320 -177.205  -64.154  -58.913   72.126  153.399 -169.911
445   -3.235  -85.709  -31.925 -178.528 -171.214  -76.043  -40.523   69.696   32.437 -157.756
446   -4.919  -93.406  -23.966  175.766 -179.002  -78.726  -51.949   92.553   56.473 -175.596
447   18.855  -99.915  -25.625  175.989  172.277  -64.881  -51.702   85.942   67.815  159.341
448   -6.756  -80.282  -41.474 -156.720 -166.622  -94.188  -42.662   67.694   82.689 -160.807
449  -12.478 -112.667  -26.054  175.243 -176.156  -70.272  -50.011  101.786   50.295 -164.942
450    7.312  -89.589  -21.928 -175.903 -172.359  -66.538  -48.645   81.449   36.261 -127.418
451   -2.512  -86.288  -37.178  174.058  176.235  -81.326  -55.128  159.041  136.733  -13.570
452  -25.159 -114.484  -33.215  179.153 -172.364  -70.777  -51.564  104.137  151.544   14.652
453   -3.267  -86.004   -2.690  154.641  174.789  -67.656  -45.973   80.765 -107.250    9.618
454  -11.939 -110.729  -25.724  173.378 -173.377  -80.018  -46.068   75.826  -96.977  165.547
455    2.642 -123.109  -13.534  173.286  168.395  -71.902  -47.076   92.022 -117.215   -0.822
456  -15.633  -92.217  -22.089 -152.933 -171.443  -87.606  -41.329   79.835 -142.465  -14.047
457   -1.236  -94.431  -40.780 -164.626  172.776  -71.466  -42.215   86.453 -133.484  -16.041
458  -32.815  -93.992  -26.279 -168.855 -175.343  -85.954  -46.605   83.913 -123.675    8.571
459  -23.991  -80.914  -37.442 -170.200  175.652  -73.436  -52.202   88.485 -123.189  157.031
460   -5.447  -97.460  -40.343 -176.374 -175.431  -66.096  -42.375   91.194 -114.766 -160.607
461  -10.553  -93.626  -28.213 -170.488  178.826  -67.400  -53.143   76.193 -125.808  165.756
462  -21.151 -101.275  -23.506  172.586 -179.393  -60.705  -42.783   88.512 -153.391  160.647
463   12.495 -103.709   -1.531 -167.634 -174.395 -108.605  -47.044   74.722 -122.744 -166.289
464    1.093  -93.916   -9.178 -172.842  176.452  -88.822  -51.486   93.030 -128.428   -3.188
465  -20.140 -112.884  -36.522 -177.324 -178.710  -53.818  -60.974  105.143  -26.671  -20.420
466  -20.840  -86.460  -28.730 -166.860 -178.479  -81.894  -43.942   64.461 -131.663    0.634
467   -1.178  -91.867   -9.873 -169.357  178.177  -89.859  -46.189  115.993 -145.397   35.528
468    1.496 -108.258  -14.397 -175.512 -178.005  -72.536  -51.760   78.018 -123.683    0.725
469  -14.368 -101.793  -16.943 -176.753 -174.281  -70.110  -54.538   73.855 -136.652   28.490
470  -15.082  -85.326  -34.173 -164.220  177.264  -71.782  -46.483   76.365 -136.286    1.196
471    6.744  -92.352  -21.593 -173.263  176.845  -72.392  -38.595   70.285 -137.650    2.962
472  -10.751 -117.161  -17.985 -162.816 -171.281  -83.023  -31.569   64.947 -146.415   32.155
473   -6.751  -92.211  -33.953 -163.005  178.191  -65.091  -44.812   79.406 -130.272   17.684
474   -4.653 -114.789  -44.365 -179.729  175.975  -59.799  -52.134   55.860 -123.983    0.548
475   11.035  -99.417  -37.205 -168.586 -172.737  -60.331  -42.277   69.301 -141.684    4.052
476    4.544  -86.846  -18.485  162.681 -179.866  -72.094  -37.769   58.329 -150.077   11.923
477  -15.732 -118.210  -16.989  172.747  175.767  -62.323  -47.849   76.423 -138.182   -8.085
478  -29.037  -99.711  -36.592 -171.629 -171.094  -66.456  -47.187   91.338 -122.075    9.082
479  -14.365  -89.034  -42.943 -162.063 -173.933  -76.579  -44.138   75.675 -136.441   21.218
480   -6.145  -82.586   -3.151  158.435 -177.819  -65.225  -49.097   97.585 -136.546  -12.891
481   -1.377  -82.029  -18.175 -170.710 -164.613 -108.024  -48.219   89.747 -119.667  -13.852
482  -56.814  -91.537  -17.699 -177.354 -178.454  -86.418  -40.297   59.068 -151.778    5.963
483  -12.224 -100.226  -33.892  169.245 -175.099  -39.299  -42.271   70.836 -132.910   -1.493
484  -15.730 -102.572  -17.853  171.467 -178.710  -69.416  -48.590   78.084 -122.847   11.381
485  -18.152  -94.215  -25.041 -177.765 -171.849  -65.859  -52.827   98.449 -125.547   33.334
486  -30.270  -99.537  -24.639 -169.174 -175.009  -76.751  -37.365   79.437 -140.539    8.173
487  -25.047  -82.443  -28.765 -171.463 -167.390  -76.075  -47.867  106.395 -156.205   24.503
488  -18.591  -92.255  -20.904  166.779  175.829  -47.386  -49.437   94.455 -141.929   21.502
489    9.192 -106.581  -16.278 -157.357 -172.788  -69.608  -61.159   68.497  157.921 -150.519
490  -13.293  -99.174  -44.034 -156.614 -170.238  -80.822  -40.625   83.204 -137.500  175.411
491   12.753  -87.333    4.805  157.196 -175.214  -70.953  -50.321   99.348 -128.156  175.838
492  -28.707 -107.267  -18.656 -163.991 -168.159  -91.007  -53.639   97.971 -113.463 -175.569
493  -15.227  -93.839  -20.474 -163.793 -175.310  -78.125  -55.056   72.799   52.701 -166.018
494   -0.677 -100.280  -28.538 -165.151 -179.595  -70.441  -58.444   81.626    7.309  160.032
495    4.411  -91.307  -28.192 -163.516 -172.155  -85.271  -66.144  153.800  -73.108  165.083
496    1.940  -90.881  -27.301  171.728  178.445  -60.114  -56.246 -178.040 -132.896  -49.789
497  -27.123 -100.850  -30.466 -165.052  178.017  -72.134  -62.523 -179.216  -83.201  -11.828
498  -12.928 -105.378  -38.218 -162.802 -176.176  -81.069  -44.590   72.511 -126.361   -0.928
499  -15.933  -87.876  -11.449  167.361  179.125  -65.038  -53.746   85.933 -145.021  -10.004
500  -19.300  -92.797  -15.167 -177.654 -169.482  -74.199  -44.506   62.756 -145.615 -157.486
501    1.561  -90.632  -13.646  168.977 -175.766  -72.559  -46.148   59.753 -136.257  175.847
502   -2.030  -89.804  -20.327  175.700 -165.804  -93.461  -40.488   63.013 -128.304  140.625
503  -17.565  -96.430  -22.623 -172.519 -175.913  -84.592  -38.586   65.744 -143.542 -161.702
504  -12.324  -97.830  -25.555 -176.953 -175.149  -65.459  -44.340   95.527 -168.235  162.152
505    3.721 -100.738    0.664 -165.678 -172.491 -110.930  -51.907   83.372 -119.123   24.574
506    0.956 -108.967  -20.351  169.692  173.152  -69.229  -39.059   73.656 -132.471    6.113
507  -22.606  -98.762  -20.544  166.271  170.976  -58.787  -43.085   80.349 -134.799   25.977
508   -7.730  -97.309  -35.267 -172.421 -173.093  -56.192  -57.702   75.997 -135.772  -11.739
509    1.662 -100.651  -25.903 -177.287 -178.079  -73.396  -47.424   90.234 -129.497   -2.268
510  -26.763 -102.137  -10.445 -178.466  176.094  -66.275  -44.365   87.289 -119.638    9.856
511   -7.516  -96.639   -4.852 -177.684  168.570  -64.576  -57.798   88.733 -137.575 -167.922
512  -23.333  -82.633  -23.699 -169.970 -172.739  -76.639  -47.248   73.658 -131.229  177.577
513   -1.784  -75.442  -31.157 -175.687 -172.830  -83.431  -46.623  101.561 -150.246 -156.885
514   20.295  -85.017  -16.222  160.994 -178.859  -79.931  -41.871   85.098 -124.910 -172.899
515  -12.151 -101.187  -13.235 -169.852 -175.973  -94.853  -52.512   81.927 -112.216  171.105
516    1.282  -80.811  -35.672 -157.761 -172.359  -80.499  -48.177   80.858 -132.790  169.636
517    0.184  -80.582  -12.077  174.892  165.362  -58.849  -43.216   68.519 -140.812  167.220
518   -6.591  -96.683   -0.494  174.933  175.983  -80.479  -51.438   68.882 -135.496  176.207
519  -18.668  -98.489  -30.367 -157.913 -176.721  -76.901  -49.729   87.187 -155.280  148.679
520  -14.550  -83.690  -39.300 -176.589 -171.258  -83.217  -49.578  102.785 -107.210   52.395
521  -18.236 -104.869  -29.132 -163.048 -160.236  -89.608  -52.845   82.898 -124.966 -167.300
522  -12.775  -71.578  -19.272  179.432 -170.942  -88.242  -39.581   74.969 -128.828   15.178
523  -24.479  -95.743  -23.952 -168.687 -177.916  -72.537  -49.036  103.859  163.626  -10.699
524    5.279  -71.380  -37.572 -172.273 -175.515  -73.893  -45.283   76.883   46.213  177.664
525   -0.688 -101.539  -13.693  170.337 -172.488  -80.015  -53.151   95.512   48.259 -148.875
526   -7.537  -99.383   -6.815  171.225  174.271  -63.339  -54.488   95.450   49.731  175.659
527  -23.380  -98.433  -13.431  168.519 -171.839  -74.637  -42.570   83.074   37.528 -154.430
528  -24.907 -101.017  -42.926 -166.394 -178.176  -60.760  -41.983   71.499    5.300    5.767
529   -5.785  -93.754  -19.293 -178.226  179.975  -65.764  -47.495   86.499   28.079 -170.925
530  -17.987 -101.001  -46.379 -165.253 -169.810  -82.728  -54.321   86.102   60.561  163.304
531   -7.890 -103.596  -26.142 -173.751  172.430  -63.162  -48.205   97.563   37.043  165.127
532   -4.560 -102.278  -18.032  166.740  175.316  -61.945  -38.365  104.442   35.431  165.278
533   -7.541  -97.607  -30.621 -177.164 -168.208  -72.844  -39.324   95.229   30.760 -172.598
534   -9.248 -105.755  -25.323  179.786 -175.628  -75.109  -47.796   86.508   40.305 -176.860
535    3.338  -80.505  -32.406 -175.572 -174.297  -77.942  -50.282   62.666   56.847  -18.954
536  -26.862  -98.744  -32.712 -154.851  173.694  -69.117  -53.045  103.778   46.659 -179.781
537  -15.664 -103.219  -25.429 -175.742 -164.943  -89.664  -51.110   92.041   45.817  167.622
538  -12.551  -96.168  -30.088 -167.044 -174.036  -90.836  -47.174   69.041   69.955  164.540
539   -3.900  -87.136  -34.679 -178.122 -176.851  -65.633  -48.997   76.174   32.945  163.839
540   12.883  -85.344  -28.473 -162.728 -168.538  -73.834  -48.843   63.807   27.730  143.318
541  -31.106 -105.842  -14.956 -176.005 -169.132  -97.688  -36.439   49.735   47.942 -148.745
542    3.550 -117.579  -25.787 -174.980  179.554  -68.737  -50.652   86.338   51.924 -177.023
543    9.842  -75.195    5.899  172.829  178.473 -114.843  -49.234   86.960   51.976    9.810
544  -22.133 -104.799  -34.240  175.164 -163.753  -60.726  -49.956   83.720   14.626    3.724
545   -9.403  -82.345  -29.553 -168.841 -179.445  -67.982  -43.222   99.285   26.843    5.904
546  -33.928  -86.244  -30.374 -177.225  170.294  -54.613  -49.382   91.926   41.525    9.554
547  -28.602 -102.317  -13.171  157.755  178.959  -73.135  -49.747   81.126   66.912  153.460
548   -6.612  -89.274  -22.900  167.786  176.274  -63.630  -46.320   83.056   55.444   13.416
549   -2.225  -84.861  -30.773 -171.745 -179.874  -59.341  -52.840   76.068   32.773    4.146
550   -9.358  -93.163  -24.012 -174.605 -173.402  -73.641  -46.520   86.356   18.157   -6.067
551   -3.821  -84.607  -22.439  177.574  176.441  -52.190  -52.738   73.846   35.329   -0.511
552  -12.123  -87.383  -24.529  178.183 -171.045  -82.854  -44.421   78.149   35.823   13.709
553  -21.807  -78.873  -19.071 -179.988  178.165  -70.569  -48.264   71.132   41.926   17.654
554   14.115  -91.205  -17.696 -175.516 -170.995  -96.161  -45.826   94.078 -141.433   10.594
555  -17.265  -85.919  -46.118 -163.327 -172.152  -68.407  -59.248   70.077 -135.586 -155.720
556  -18.668  -96.148  -22.781 -164.035 -171.128  -82.843  -53.194   67.974 -139.818  138.322
557  -14.989  -93.329  -34.015 -160.716  178.225  -83.964  -46.177   96.722 -146.373 -176.258
558   -3.660  -91.347  -15.967  175.302 -167.836  -68.716  -49.243   81.251 -135.792  153.097
559  -25.617 -107.083  -45.390 -175.215  176.605  -57.962  -49.120   95.521 -137.700 -169.449
560  -30.176  -85.033  -17.504  175.469  168.747  -52.463  -49.766   95.355 -132.384  175.062
561  -17.620 -107.256  -41.126 -160.503 -168.949  -70.719  -50.683   93.622 -124.081  178.729
562  -30.281 -115.324  -31.622 -160.323 -168.610  -86.011  -50.453   60.294 -119.366 -154.109
563  -11.701  -86.770  -21.502 -174.995  171.531  -61.984  -53.731   94.364 -140.226  168.551
564   -9.279 -108.894  -10.215  165.299 -171.143  -78.883  -54.925   94.980 -125.214  148.814
565  -17.045 -111.163  -30.035 -178.695 -172.846  -58.551  -50.666   62.709 -164.317   28.883
566   -9.537  -91.794  -21.305  179.741 -172.854  -71.117  -46.625   56.779 -129.557  149.666
567   -2.532  -63.226  -40.305  178.977  172.167  -61.689  -55.126   94.487 -132.169 -166.861
568  -17.907  -96.807  -25.754 -169.300  174.071  -78.818  -43.092  105.090 -123.309  -17.543
569   -5.353  -82.351  -45.001 -166.021 -170.919  -78.814  -35.760   88.229 -153.032   -6.942
570  -27.963  -96.825   -8.510  162.779 -175.257  -77.601  -43.646  102.632 -171.963   39.381
571  -18.259  -97.331  -28.782 -174.289 -173.731  -74.876  -49.344   96.561 -131.438   14.221
572   -4.353  -88.409   -3.503 -178.761  175.457  -80.871  -52.933   67.741 -126.543    6.771
573  -27.226  -99.281  -23.914 -169.699 -169.504 -111.340  -64.109  142.397  -79.239   24.359
574    0.491 -106.412  -22.674 -175.539 -176.186  -73.498  -43.756   71.248 -150.409  -31.025
575    5.843  -71.984  -16.047  173.920 -174.497  -98.355  -36.951   87.895 -128.336   -7.625
576  -23.385  -86.678  -34.439 -161.295 -163.866  -81.705  -50.970   50.106 -126.183   12.766
577  -28.039  -94.530  -31.554  176.601  177.544  -65.211  -83.675  162.128  -62.502    3.411
578  -20.064  -82.367  -27.399  174.078 -171.899  -75.542  -34.883   97.384 -160.156  -30.240
579   -7.877 -104.971  -27.954 -166.603 -172.485  -79.919  -48.998   74.035 -154.318    9.973
580    8.530  -74.218   10.095  171.900 -178.994  -90.049  -57.433   63.259 -126.139 -141.104
581   -5.169 -107.174  -28.940 -177.675  172.805  -52.910  -47.050   95.784 -143.671  -20.400
582  -22.566 -121.435  -18.117 -175.675 -176.996  -94.764  -48.680 -177.193 -104.252   -2.704
583  -22.976 -105.640   13.459  151.396 -171.664  -81.285  -43.334   29.751 -132.175   -3.687
584    4.781 -101.490  -34.029  179.827  179.294  -57.909  -55.617   95.750   56.934   21.848
585    0.261 -102.923  -11.288  165.512 -176.544  -81.929  -51.166   98.871   47.340    2.976
586    2.212  -68.630   -2.668  176.975 -173.260  -84.514  -38.886   46.068  -16.401  -11.617
587    0.933  -69.343  -26.198 -178.902  173.882  -73.662  -29.576   94.264   25.443   -8.870
588   10.790 -114.761  -26.651  171.898  174.638  -66.625  -56.332   98.153   23.230   10.392
589  -15.341 -125.739  -26.173 -178.723 -170.466  -78.138  -51.127   75.445   54.990 -168.678
590   -8.435 -106.306  -22.210  163.703 -178.409  -76.055  -46.940   88.336   39.614  178.822
591    6.605  -87.063  -18.987  160.436 -177.463  -64.420  -43.110   80.338   39.479  166.700
592   -9.669  -85.446  -24.631  176.814  178.070  -63.554  -65.787  111.169  -34.858 -175.505
593   -0.871  -91.580  -12.896 -171.300 -178.869  -80.159  -44.585   75.486 -116.004  166.731
594   -3.961 -115.386  -27.088 -168.250 -177.810  -71.248  -52.221   55.306 -134.116 -167.815
595  -20.359  -92.802  -28.551 -156.034 -178.872  -78.982  -51.934   70.771 -111.506  175.765
596  -11.197  -90.530  -29.124 -169.538 -172.264  -93.006  -48.086   90.537 -111.298  171.023
597    4.620  -97.693  169.655  145.610 -167.846  -95.766  -55.710  -21.473  171.017  164.760
598    2.256 -113.113  169.872 -179.505  179.319  -76.125  -47.395  145.754   48.965    9.819
599  -17.305 -111.932  146.018 -159.832 -167.739  -75.516  -37.852  126.613  120.278 -172.662
600   17.303 -108.862  146.958  170.716  160.741  -47.891  -45.597 -177.392  139.044  171.925
601  -14.860 -109.738 -163.003  150.449 -166.659  -83.126  -51.220  132.637   -7.461 -168.207
602   -4.886  -83.709 -134.857   50.142  168.479 -100.935  -57.327   76.321  118.015 -152.673
603  -11.479  -87.496  176.433  151.733  173.313 -168.275  -57.793   62.559  114.269  169.078
604   15.279  -98.724  150.108  173.238 -173.415 -178.714  -53.052   64.183  135.974   15.381
605   -4.324  -95.526 -169.337  135.577 -174.457 -161.644  -59.525   71.776  114.289    6.397
606   -6.044 -116.959  176.628  171.283  168.793  169.340  -31.866   23.375  125.451  -17.873
607  -18.650 -111.243  170.651  176.729 -176.220  169.542  -57.196   54.886  134.609   -2.384
608    5.077 -103.836  154.916 -177.443 -172.372  179.960  -58.598   49.091  122.841   -6.730
609  -11.182  -93.586  148.878  165.868 -176.119 -156.480  -55.399   91.850  128.647   16.093
610  -31.054  -96.044  158.587 -179.593 -178.407 -171.928  -56.564   62.459  111.781   16.091
611   -3.405 -127.735  172.084  163.792  175.821 -176.932  -56.872   55.719  108.882    7.127
612  -15.604  -93.365  173.114  158.458 -177.517  -65.349  -52.144  168.804   33.804   14.364
613   -5.138 -104.343  160.566  169.319  176.627  -74.629  -56.116  166.948  -29.800    5.671
614  -16.112  -96.034 -168.457  166.896  176.595  -97.028  -62.667  125.546  -79.871   -7.567
615   -5.545  -98.061  177.286  177.706  176.443  -96.656  -48.471 -174.139  -39.696   -8.175
616  -13.110 -107.567  150.710  176.764 -177.615  -73.694  -49.129  168.114   12.134    1.849
617    0.648 -100.004  157.307  174.123 -176.775  -74.195  -52.772 -176.207  -31.574  -23.996
618  -10.277  -89.203  147.192 -179.578  174.367  -77.595  -69.893 -164.959  -42.198   -9.289
619   16.784 -106.755  144.707  178.374  174.164  -72.606  -58.980 -167.306 -105.961  -13.685
620  -13.619  -87.156 -151.493  152.776  173.005  -79.078  -38.644 -179.776  -15.189  172.661
621  -10.816  -81.098  158.903  164.246 -174.599  -82.458  -53.793  157.412  130.825 -158.969
622   -2.429  -99.510  153.247  177.739  178.125  -77.498  -49.917  164.241  140.127  143.422
623    3.947 -109.625 -177.260  140.167 -177.048  -93.716  -59.220  -35.806 -101.768   -9.740
624    7.054 -109.980  164.997 -178.357  179.694  -90.692  -56.595  172.498  -30.749  -17.359
625   -7.129  -99.040  173.153  169.847  176.960  -96.943  -61.887  174.933  -92.721  -15.818
626   22.295  -97.183  133.005  172.565  172.436  -86.058  -52.099  169.170  -20.885    0.491
627    3.651 -126.960  171.260  152.730  179.342  -83.987  -65.487  167.677  -47.195   20.437
628   -7.709  -96.549  143.700 -174.151 -179.579 -173.624  -55.343   64.393  -59.046   35.919
629   -2.646 -116.274  144.456  171.900  175.553 -136.282  -62.868   61.981  -86.671  166.499
630   13.367 -103.002  178.236 -179.887 -172.679  142.355  -50.760   39.158  -34.712  178.559
631   -8.470 -115.066  146.903  171.560  176.282 -128.587  -48.807   32.693  -71.983   19.056
632  -21.975 -103.793 -169.119  171.184  177.967  176.726  -50.164   60.068  -62.356   34.401
633    3.563 -105.389  151.893 -168.053 -173.093  165.138  -45.046   50.111  -55.726   34.541
634   11.652  -98.255  168.066  155.958  174.689 -149.966  -51.516   48.733  -68.014   13.389
635  -28.136 -103.633  -13.623  -13.549  170.754 -163.742  -44.261   51.410  -65.700 -177.977
636   -7.215 -103.847  -29.517   19.208 -172.894 -173.928  -64.379   89.494  -54.489  171.113
637  -22.574  -94.565  -10.375  -32.964 -172.621 -153.270  -55.191   61.609  -70.892   28.873
638  -16.095  -77.610  -15.800   29.082  159.556  161.906  -44.449   33.822  -44.226  -19.425
639   -9.429 -113.884  -51.334   16.502  176.140 -151.824  -57.596   52.723  -89.429   15.319
640  -16.446 -113.410 -138.644  135.218 -167.603  162.815  -55.871   70.693  -60.253    7.684
641  -17.021 -107.993  152.988 -179.699  178.500 -176.869  -54.506   40.680  -78.640   23.213
642  -17.440  -85.927  174.835  167.602  177.707  176.427  -54.503   45.499  -88.473   20.942
643  -19.730 -120.161 -179.310  169.991  178.778  171.599  -35.719   23.230  -63.800  171.430
644    3.605 -105.780  155.196  176.728 -169.974  -75.744  -56.810  148.892 -172.796 -163.438
645  -20.628  -89.100  172.701  164.283  173.981 -161.717  -60.925   70.166  -53.524   16.848
646   33.746 -122.613  171.266  160.181 -176.730  179.997  -46.647   43.515  -71.997  164.295
647    1.340  -92.839  135.201  172.648  178.666 -148.901  -48.233   71.378  -56.893 -153.151
648   -5.434  -96.084  150.798  164.674  166.341 -155.918  -54.202   62.206  -44.719 -169.910
649   -3.859 -106.435  156.992  173.941 -172.757 -166.581  -63.694   56.398  -46.435 -161.436
650    5.568  -96.007  154.438 -177.092  161.620  170.983  -37.861   42.759  -49.592  155.685
651   -8.750  -89.324  135.010 -174.141 -175.355 -159.876  -51.923   53.802  -76.055  -16.084
652   -5.161 -110.730  160.371  164.213  171.765 -143.925  -43.364   44.567  -81.685  -12.935
653   -5.013 -117.733 -174.651  159.381  173.767 -179.508  -59.105   56.994  -66.678    3.114
654   -4.088 -105.316  156.440  168.249 -176.521 -159.602  -62.022   47.897  -53.095   13.189
655  -31.816 -103.392  178.883  176.557  178.814 -153.620  -73.477   66.808  -50.938  -27.795
656  -30.581 -104.186  162.298 -175.247 -174.185 -174.720  -58.228   58.997  -42.947    0.106
657  -12.046  -99.482  138.928 -173.469  165.156 -179.650  -27.964   45.262  -51.130   -3.054
658    4.369  -90.464  170.156  152.424  167.055 -175.412  -44.881   45.888  -60.714  173.458
659    7.820  -84.376  159.263  171.281 -171.086 -167.490  -59.476   52.300  -84.158 -151.578
660  -18.270  -84.623  152.313  165.135 -172.073 -159.291  -52.113   38.615  -36.950 -158.102
661    1.916  -99.571  154.658  169.070 -177.320 -157.114  -54.357   51.863  -71.526 -160.621
662  -14.305  -91.982  160.479 -163.344  178.135  172.147  -53.607   58.695  -53.208 -163.439
663   12.087  -97.740  157.479  177.442 -178.073 -154.345  -62.496   62.003  -54.934 -176.896
664   -5.837 -112.272  167.589 -174.656 -179.246  159.883  -42.805   33.923  -26.053   22.474
665   -1.326 -109.819  130.142 -161.522  168.464 -158.130  -53.353   48.052  -69.944   13.266
666   -5.628  -99.919  163.362 -174.532  165.514 -171.494  -42.908   79.775  -51.164  -11.757
667   -0.084  -69.415  155.528 -177.403  174.084 -149.339  -54.753   49.798  -84.542  -11.328
668  -29.758 -114.292  162.723  174.948  177.170 -168.425  -60.815   58.766  -54.627  177.771
669  -10.352 -102.612  152.906  170.630  173.842 -169.849  -56.912   61.771  -53.046  -10.297
670    5.975 -115.853  153.962  171.429 -175.035 -161.047  -61.481   83.062  -68.683   -1.703
671  -16.081  -98.155 -177.172  148.492  173.396 -147.586  -43.985   50.409  -59.301   -3.938
672  -19.365  -95.304  167.898  163.290 -170.126  176.231  -51.906   54.401  -40.138   10.009
673  -11.735  -91.283  178.922  145.561  178.418 -153.008  -54.128   49.249  -82.264   13.096
674    7.304 -108.665  153.658  158.164 -175.921 -154.063  -51.526   54.920  -54.215   -5.885
675    1.634 -106.253  150.890 -167.758 -177.108 -174.425  -52.331   32.123  -47.242  -13.643
676  -30.633  -99.843  167.196  167.300  172.502 -161.587  -43.274   16.461  -70.234  171.319
677  -21.785 -117.480 -178.739  151.085  170.320 -162.566  -55.026   48.930  -59.196  177.752
678  -19.376 -114.613 -161.600  159.535  176.829  153.219  -45.441   34.222  -43.636  178.687
679  -37.029  -79.744  177.960  167.881 -177.756 -163.441  -64.242   40.382  -57.467  159.290
680    2.430  -68.568  153.429  159.630  179.912 -164.307  -48.606   59.479  -60.066  175.122
681   -5.599  -92.225  169.705  147.294 -167.670 -154.527  -59.031   49.318  -50.871 -164.791
682   12.620  -98.782  147.293  177.289 -179.131  176.820  -53.593   63.152  -59.764  168.658
683    2.876 -112.297  162.898  168.709 -176.931 -169.035  -47.052   48.134  -72.970   -1.600
684   -9.039 -117.362  -41.003   31.207  176.355 -170.048  -61.826   66.777  -55.990  179.532
685  -12.742 -109.300  -36.653   21.800 -176.702  176.196  -61.049   27.921  -47.629  158.053
686  -28.177 -100.843    6.647  -47.842 -174.892 -156.418  -51.884   55.575  -64.586 -170.664
687  -11.318  -96.469  154.455  171.495 -172.973  176.304  -48.732   59.284  -41.250 -175.494
688    0.275 -116.681  141.129 -170.021  177.982 -172.706  -67.170   71.166  -52.153 -170.029
689  -22.474 -120.950  165.687  154.421  175.181 -151.476  -56.114   32.524  -64.008 -169.739
690   -2.549 -104.056 -162.979  170.654 -172.799  157.226  -52.387   47.681  -50.645 -154.495
691  -27.120  -96.377 -154.348  153.245  177.020 -162.670  -56.850   63.081  -56.239 -175.543
692    3.410  -86.239  156.064  165.243  176.004 -173.517  -65.116   61.814  -79.745 -175.852
693    8.545  -92.344  161.075 -168.488  179.646  149.961  -55.121   54.006  -56.617   35.217
694   -4.668  -87.948  157.184  170.842 -166.530 -159.638  -64.152   48.575  -55.646  -13.677
695  -19.476 -116.164 -147.050   71.493  171.030  -99.665  -68.251   49.288  -79.690  -18.950
696    0.117 -109.019 -173.905  155.224 -163.217  164.254  -54.325   60.968  134.097  -16.396
697  -14.177 -105.720  165.920 -179.212 -176.770 -177.989  -63.801   64.510  121.877  160.428
698  -15.567  -70.731  155.208 -179.299 -174.070  178.292  -48.927   42.500  112.296  -11.496
699   34.768  -95.857  159.944  146.047  178.644 -174.213  -48.876   50.367  106.589   26.605
700  -16.452  -95.475    3.480  -37.373 -176.091 -170.340  -57.195   65.700  116.050   -4.115
701  -29.909 -110.287  -22.563  -48.337  178.531  -76.934  -63.112   12.975   98.283  -13.758
702   13.040 -100.066  -16.702  -17.724 -168.560  170.172  -49.201  130.588  123.197    1.105
703  -14.847 -114.362   -5.464  -10.803  166.792 -175.221  -41.451   73.410  134.694  -18.691
704  -18.345 -112.536  -47.545  -12.814  178.655 -111.780  -62.059   34.188   86.072    7.703
705  -19.883 -101.301  -10.230   19.789  176.027 -178.284  -44.119   51.038   81.886  -16.311
706  -30.100 -114.629  -16.932  -43.051  178.655  -80.169  -45.649   24.896   48.853   17.481
707  -18.386 -104.261  -10.266    7.399  179.554 -100.042  -49.988  154.619  -15.031    6.998
708  -26.984  -79.157  -43.704   44.090  165.737  -67.522  -61.525  136.643  166.953   -9.326
709   -6.382 -111.090  -34.715   26.094  170.828  -99.122  -57.703  164.118   70.815  -47.913
710  -15.225 -121.690  -31.335   39.633 -179.958  -73.109  -60.034   85.078  -26.939   20.740
711    5.225  -91.313   24.795  -45.150 -178.265  -55.306  -58.794  138.069  -43.634    7.598
712  -12.271  -93.684   -6.602   11.543  175.308  -75.939  -65.150   83.003  -55.161  165.751
713   -0.253 -123.515  -21.746   35.242  179.296  -60.300  -42.255   10.337  152.953   23.941
714  -23.873 -112.786  -14.688   25.375  165.598 -101.269  -57.426  174.465  128.890   39.904
715   -7.758  -98.170  -23.666   15.886 -179.796  -86.629  -48.484  174.109  -39.566  -20.555
716  -33.526  -95.138   20.377   -7.489  171.671 -102.501  -46.243 -177.673  -23.769   -0.876
717   -4.191  -93.998   -1.828  -21.419 -171.195  -62.242  -43.582  144.324  169.697   26.273
718   13.640 -107.580  -24.402  -34.177 -173.525  -65.062  -54.771  155.388  133.778   12.820
719   -6.896 -104.300    2.403  -17.687  175.975 -152.996  -70.440   76.862  -65.053    2.832
720   -9.998 -102.106  -51.091  -26.991  170.992 -111.253  -59.829   71.154  -61.545   12.974
721  -13.541 -106.862  -27.726   -4.585 -176.779 -157.584  -61.410   63.429  -50.094   -2.942
722  -24.980  -89.146   -2.425  -35.369 -176.060 -173.571  -38.036   67.597  -43.906    3.266
723   -5.082  -84.723   -3.205  -65.983  178.928 -123.137  -48.625   88.990  -63.731 -175.718
724  -26.824 -119.083  -39.230   32.560 -168.288 -173.694  -70.653   53.212  -76.124 -175.604
725   -1.831 -101.201  -21.530   -4.950  174.392 -151.187  -46.304   88.156  -63.585  167.672
726  -39.477 -102.238  -14.095  -37.451 -174.336 -122.827  -61.705   56.788  -51.896 -169.337
727  -14.204  -97.188  160.885 -172.454 -174.015  170.997  -49.560   51.339  -67.509 -167.069
728   14.659  -76.958  146.984  169.397 -170.715 -168.585  -54.091   58.681  -75.000 -167.497
729    4.534 -104.924  163.267  174.749  176.747 -178.973  -58.538   74.800  -70.484    4.723
730   -3.365  -96.780  176.481  166.777 -169.340  173.678  -52.605   63.344  -71.241   -5.211
731   -7.665 -115.899  147.786  176.815 -175.441 -159.040  -66.162   38.421  -59.411   -0.680
732  -11.051  -89.642  160.393  160.759  167.066 -168.289  -57.567   64.761  -64.272  172.572
733  -26.034  -93.886  178.555  166.027  176.963 -148.072  -46.554   32.527 -100.538    5.913
734   -0.893  -98.427  -47.581  -39.603  178.232 -109.476  -51.735   83.099  -67.069 -168.066
735  -28.280 -119.532  -42.928   36.786  170.113 -165.897  -56.995   59.354  -59.330  178.963
736   13.538  -91.888    1.893  -26.789 -163.922 -168.226  -62.862   78.665  -69.233  153.511
737  -15.055  -88.737   -4.763  -28.172  176.521 -156.382  -47.418   55.127  -53.624  176.623
738   13.622  -99.170  138.077  166.203 -176.294 -135.161  -56.492   23.130  -74.103  177.020
739  -19.951 -134.183  165.695  177.108 -176.652 -172.319  -48.396   59.304  -79.282 -166.870
740   -9.695  -99.293  166.423  161.976 -178.954  -72.955  -56.441  159.533  160.240 -174.396
741  -15.591 -116.849  176.525  134.221  176.332 -151.805  -58.941   75.398  -67.199 -125.701
742   -2.760  -97.560  -49.473   27.160  177.407  177.304  -58.816   47.728  -44.531  173.775
743  -17.974  -98.668  -26.791   32.015 -171.216  175.613  -63.550   32.553  -99.937 -173.839
744  -11.323 -102.602  -40.803   46.988 -171.142  168.589  -66.100   55.611  -72.002 -168.672
745   28.607  -98.870    2.201  -39.370 -178.492 -134.080  -57.999   61.398  -84.964  164.539
746   -7.169 -109.234  -48.748  -23.846  175.586 -107.430  -51.841   72.580  -74.773 -157.677
747  -21.761  -87.016  -16.155  -42.588 -169.954 -124.860  -65.130   44.061  -79.679  173.614
748  -28.452  -97.541  -51.340    7.274  178.193 -135.448  -72.458   50.268  -71.244 -171.376
749    1.323  -75.522  -58.066    9.523 -175.909 -156.546  -54.001   43.549  -77.068 -145.696
750    5.344 -104.533  -34.714  -30.008 -177.963 -122.527  -57.255   35.563  -82.961 -168.579
751    2.969  -91.750   -3.508  -19.867 -175.224 -150.791  -66.433   39.127  -77.813 -159.064
752   -8.796  -78.991  -20.754  -50.232  170.731 -106.191  -52.750   72.888  -59.110 -163.657
753   -5.440  -97.068  -40.220   13.619  172.491 -163.445  -46.173   43.438  -83.784  170.735
754  -27.907 -102.856 -129.636   60.516  169.889 -107.550  -52.076   48.520  -87.813  176.720
755    9.419  -95.752  167.788  174.966  179.204  -85.474  -55.201  172.604  133.645 -165.265
756  -21.497 -101.490 -178.070  171.990  172.736  -66.266  -45.584 -170.782  144.933 -173.480
757   10.488 -112.600  164.804 -163.072 -177.162 -121.210  -42.999 -171.235  117.461  157.276
758  -13.113 -104.035  158.452  164.774  178.452  -66.800  -71.672  176.938  133.362 -159.703
759  -12.760 -100.079 -176.427  158.599  168.855  -74.394  -66.803 -168.390  154.255   17.720
760   -9.225  -99.453  175.536  151.121  179.101  -79.566  -64.706  176.285  -40.242 -175.815
761    1.468  -95.374  168.986  175.254 -174.144 -106.846  -49.903  162.749    3.280  153.199
762  -11.224 -105.713  165.200 -171.199  175.273  -70.990  -53.420  175.589  -47.418  -15.330
763   -6.659  -88.916  150.032  171.527  167.948  -64.934  -49.959  177.679  -23.719  -15.074
764    5.827 -124.112  175.811  168.996 -177.252 -107.028  -59.713 -175.455  -19.319 -136.874
765   -2.008 -105.961 -177.421  166.186  179.404  -65.137  -48.598  142.545  -46.316   11.743
766   16.820  -94.577  131.598 -168.881 -178.950  -69.127  -47.130  161.025  -18.306   15.891
767   19.229  -95.753  152.241  164.772  179.441  -75.403  -60.268  171.300  -19.669   24.832
768   20.228 -104.074  148.147  175.229  168.840  -79.851  -43.067 -170.583   -8.997  160.127
769   -6.276 -108.585  150.314  177.793  165.591  -65.922  -57.042 -170.730  -74.408    7.743
770  -19.036 -108.941  139.520 -167.501  174.278  -88.519  -67.691  165.364  -85.187 -172.778
771    0.604 -102.928  168.829  168.761  161.112  -73.225  -65.419 -169.422  -58.697 -154.630
772    2.335 -109.783  134.853 -169.901  179.781  -78.467  -65.663  163.874  -58.772   10.290
773  -33.282 -110.018  142.961 -177.465 -175.711  -74.720  -58.253  171.973  -14.595 -136.265
774    1.457 -102.036  166.537 -175.211  169.258  -95.045  -63.806  156.018  -43.562  164.108
775   16.691  -97.420  155.885  171.175 -177.148  -75.712  -48.728 -166.072  -72.726  153.671
776    1.126  -94.165  154.910  149.681 -178.185  -59.530  -39.923  163.463    9.693 -172.483
777   -3.402  -97.769  160.007  162.059  179.879 -161.048  -57.081   63.908  114.254  170.747
778    4.950 -109.131  169.572  152.543  155.256 -166.848  -42.898   45.714  115.788 -170.499
779  -26.741 -103.039 -152.099  150.607  179.380  179.261  -61.944   41.232  115.763 -167.976
780    1.665  -97.278  160.152  171.542  175.181 -173.836  -60.479   71.120  118.447 -162.576
781  -15.972 -100.554  151.705  176.934  179.880 -153.350  -61.074   58.216  130.662   -9.311
782    2.201 -108.155  170.636  148.282  174.220 -152.633  -60.957   52.242  136.014  -18.429
783  -10.483  -96.884  167.168  174.364 -179.741  175.459  -47.993   44.442  114.074 -178.107
784    7.114 -104.961  167.211  154.140 -170.488 -172.841  -56.602   51.266  125.983 -176.592
785  -31.618 -104.213  153.321  174.348 -171.447 -152.361  -58.962   35.265  111.074 -169.596
786  -11.026 -104.892  164.962  168.165 -178.792  179.644  -69.780   60.451  142.447 -132.284
787   21.416  -87.213  175.860  159.304 -174.548  170.570  -57.211   63.764  122.412   -4.468
788  -24.073  -82.669  177.764  163.348  172.753  179.686  -61.564   29.571  129.899   17.202
789  -24.460  -92.693  165.287  172.538 -179.874 -164.670  -50.900   17.543   68.853   20.423
790    0.682 -125.490  178.864  171.418 -169.546  166.627  -68.679   51.640  104.845    9.428
791  -10.791 -105.580  165.057  173.599 -179.122  169.876  -38.152   48.850  122.968  -17.377
792  -14.562  -99.386  159.447 -171.889  170.390  100.420  -57.661   28.613  169.728   40.591
793  -12.829 -108.988  147.657  161.823 -174.046 -129.754  -64.037   63.094   99.300 -142.594
794    8.915  -86.464 -128.272   81.656  179.128 -160.225  -49.283   57.242  135.055  170.031
795   -4.436  -97.312  131.342 -175.503  168.523 -148.223  -63.008   82.946  119.542  161.548
796  -13.116 -114.745  149.304 -162.346 -177.238 -156.629  -49.460   52.813  105.880    1.732
797   29.534  -90.146  126.429 -156.266  172.001 -162.015  -56.563   53.840  139.905    9.709
798  -10.214  -85.633  146.929 -178.749  173.841 -168.713  -56.174   29.243  131.964  151.927
799   -7.393 -113.755  160.414  171.337  179.949 -176.038  -54.169   61.363  134.695  150.104
800    1.526 -109.635  162.304  153.702  175.748 -136.547  -60.750   64.936  103.328 -165.836
801   27.854 -105.828  153.788  169.475 -177.209 -159.328  -64.141   46.310  124.880 -151.965
802    6.878 -107.720 -147.298   46.911  170.532  -75.413  -50.555   36.699   61.973  171.233
803  -30.332 -103.382  -50.982   26.928 -178.995 -172.805  -60.373   57.733  129.468 -158.976
804    4.048 -112.788  -36.968   24.922  174.068 -170.755  -64.201   44.752  123.887  165.684
805  -19.573  -94.192  -16.391  -34.904 -171.119 -145.818  -61.071   69.691   95.190 -175.424
806    0.057 -107.716  -42.492  -64.938  179.325  -77.991  -49.520   56.531   81.017  165.171
807  -19.259  -96.140  144.217  175.071  177.387 -162.206  -60.153   58.287  121.408 -165.931
808   -0.371 -106.871  160.136  161.898  175.613 -154.632  -57.011   56.147  118.717  155.267
809  -27.523 -102.884  166.621  165.788  177.701 -156.908  -54.804   56.376  118.510 -176.990
810   -0.934 -110.309  149.184  175.530  175.196 -142.305  -60.605   63.794  117.659 -174.590
811   11.973  -80.315  167.679  168.709  169.652 -178.065  -54.451   47.506  151.775 -176.796
812   -3.254 -109.722  -39.030  -42.704  177.233 -111.318  -61.000   68.485  129.881   -7.505
813  -12.759 -117.625  -26.989   27.168 -176.423 -177.904  -62.378   48.592  133.546  -18.816
814  -29.554 -113.233  -13.724   -6.855 -177.892 -160.980  -61.893   58.504  113.671   22.805
815   -6.717  -95.128   -7.484   -3.237 -178.022  176.216  -53.428   47.600  117.216   11.069
816   -6.510 -122.994  -36.274   32.343  167.126  172.644  -51.956   73.486  138.756    5.541
817  -10.737 -101.722  -53.970   20.302 -172.715 -168.602  -59.432   78.014  126.848  178.049
818   -4.567  -98.084  -40.007  -12.744  178.760 -139.134  -57.116   56.147  111.369  169.506
819  -27.195 -100.053  -37.336   18.976 -170.640 -169.431  -59.768   55.306  115.393  172.609
820  -40.320  -96.636  -33.469   36.872  175.493 -175.258  -62.427   72.397  107.956 -155.775
821  -17.498 -104.237  -10.325    5.088 -178.399  172.259  -48.816   60.198   94.795  144.156
822  -18.502  -83.222    8.511  -30.533  173.690 -160.690  -49.202   89.732  108.866  174.231
823  -11.437 -101.483  -28.676   22.264 -176.738  172.919  -55.243   66.757  120.355 -118.234
824   -7.426 -121.461  -27.020   25.779  176.657  174.232  -57.721   61.452  120.920  179.898
825  -13.914  -88.793   16.080  -37.137 -175.756  177.564  -44.211   52.907  134.182  159.679
826  -28.998 -108.920    7.965  -31.831 -172.178 -162.991  -58.417   66.480  113.969  -28.743
827  -21.947 -111.144   12.801  -49.562  174.794 -152.611  -53.514   83.597  116.213   -3.187
828  -23.940  -94.087   14.938  -23.348 -176.759  159.279  -43.105   60.581  102.209   13.203
829  -23.835 -110.130   -5.926   -4.962 -179.530 -159.214  -65.566   68.076  124.176    8.399
830  -22.553 -104.269   25.011  -35.123 -179.358  170.714  -51.860   60.943  115.485   -9.559
831  -10.325 -110.870  -28.276  -39.844 -170.996 -137.312  -55.738   57.876  116.856  -20.850
832  -25.765 -101.592  -27.292   36.157 -173.529  175.235  -66.390   66.715  113.963    7.502
833    1.843  -93.058   25.680  -56.801 -170.416  169.974  -49.510   54.179  155.383  175.263
834  -13.241 -104.002  -30.957    7.793  171.011 -158.290  -60.081   48.824  100.476  179.997
835  -25.077 -110.020  -12.849   -6.166 -176.919 -161.544  -65.410   76.154  127.343  179.851
836   -5.841  -93.816   17.889  -41.421 -172.678 -163.821  -53.273   68.335  118.056  177.882
837    2.072  -88.612  -25.398  -33.350 -176.890 -136.955  -54.410   72.661  111.312 -178.827
838   -3.786  -98.919  -15.953   15.454  179.777  149.890  -50.721   59.521  129.578  169.228
839  -12.281  -92.237  -33.661   29.684  179.047  169.019  -56.146   54.176  119.844   16.408
840   -4.041 -101.233   13.810  -30.754 -172.516  165.989  -58.622   77.099  141.215    3.287
841  -14.120 -102.391    2.145  -24.765  176.593 -147.245  -65.566   59.934  126.521  -17.251
842  -17.157 -112.114   15.094  -60.734  178.725 -147.953  -49.329   64.113  121.275    3.278
843  -23.279 -107.325  -29.881   37.319  171.748  167.390  -54.533   60.730   98.141   -2.420
844   -2.524 -111.029  -22.663   36.028  171.018  145.181  -44.043   46.715  128.369   -8.235
845   18.553  -96.516   11.642  -49.801 -165.106 -162.636  -63.000   41.146  126.220    5.525
846   -0.073 -105.091  -33.954    1.281 -178.017 -159.551  -54.268   80.905  121.977    3.211
847   -4.164  -92.565   -5.513  -25.582  178.088 -176.282  -53.464   55.909  152.767  -23.943
848  -26.606 -108.391 -175.555 -173.133 -167.496  143.711  -51.163   43.537  140.205  -12.991
849  -11.656 -103.663  -30.122  -36.808  179.462 -101.568  -58.736   61.081  136.300  -25.618
850  -20.031  -84.539 -135.215   40.126  165.043  -84.536  -58.868   75.302  103.622   10.832
851   -0.552 -112.467  153.249  166.569  176.170 -144.271  -68.101   51.583  123.302  -10.527
852    4.454 -124.059  149.793  178.578  172.086 -167.971  -63.154  -51.296  125.072  -29.115
853  -26.363  -92.021  -30.775  -15.366 -175.322 -160.416  -54.767   69.211  125.960  -18.965
854   -3.640 -101.481  -39.246   30.090 -177.933 -179.256  -59.400   48.731  110.521   -0.825
855  -24.849  -91.845  -44.354   48.466 -177.293  157.344  -50.687   62.679  133.956   -8.697
856   12.701 -101.854  152.824  165.559  178.498 -168.853  -52.735   50.033  144.603   28.284
857  -24.163 -105.457   28.324  -47.569 -167.343 -174.163  -49.810   38.406  129.867 -156.484
858  -10.927  -95.468  177.162  145.795 -173.692 -163.317  -57.554   51.268  122.360  -11.346
859  -17.445 -114.068  -39.178   38.455 -176.794  162.414  -46.477   72.810  119.798   -1.363
860    4.509 -104.745  169.497  165.591 -179.664 -177.073  -65.427   39.773  121.634    5.789
861    5.206  -98.294  142.713  168.721  178.329 -139.877  -54.895   66.890  111.475    1.840
862  -13.258 -109.730 -179.754  152.361  170.370 -178.061  -61.972   46.519  128.182  166.736
863    5.949  -96.364  160.028  159.386  170.035 -151.396  -66.748   58.199  115.018 -173.201
864  -14.367  -93.052  140.302 -172.627  179.601 -170.085  -57.267   55.054  111.686  174.690
865  -15.749  -98.420  177.314  166.802 -177.562  170.059  -54.542   48.237  150.092  154.508
866   -3.687 -112.612 -172.507 -168.874 -169.911  131.250  -43.734   35.975  140.553 -165.720
867   11.501  -95.635  162.912  161.712  174.246 -157.950  -67.637   53.409  129.221 -164.681
868   -6.686 -107.866  170.259  158.384 -175.272 -174.248  -52.016   61.728  126.569  167.219
869  -13.536  -85.023  164.116  169.534 -176.392  -87.665  -58.334 -173.785  -57.931  149.635
870  -13.874 -102.871 -174.258  168.996 -171.554 -168.896  -59.797   47.867  -60.642  163.306
871    3.134  -86.339  153.210  165.231 -178.158 -140.321  -55.686   26.691  -77.916   -1.547
872  -13.942  -97.025 -176.479  170.958  174.746  173.935  -50.778   66.462  -61.418    4.377
873  -20.805  -84.318  174.406  155.890 -175.043 -161.407  -64.711   65.024  -61.302    2.494
874   -2.871 -103.079  165.161  167.769  179.836 -173.511  -56.740   38.768  -48.898 -179.564
875   -7.453 -125.078 -172.710  153.104  174.708 -159.138  -57.243   39.137  -54.944  162.843
876    3.611  -96.757    2.493  -42.953 -177.303 -123.004  -66.323   57.881  -58.968  159.347
877   11.643 -110.051  152.890  165.016  175.651 -155.636  -66.043   39.580  -48.154  162.517
878   17.429  -77.424  154.622  161.765 -171.584 -164.383  -66.700   51.760  -32.802  -11.467
879   -2.201 -103.497  -43.952  -30.057  170.632 -112.075  -49.441   71.628  -66.397  -23.039
880  -10.739 -115.614    3.385  -41.885 -176.920 -144.230  -61.535   56.636  -81.572    9.196
881   -0.952 -104.567   18.252  -40.526  175.971 -179.494  -53.875   77.618  -35.943   -8.229
882  -12.330  -77.397  -31.044  -16.700  176.297 -160.468  -53.292   56.695  -52.724    6.719
883  -23.110 -104.894  -43.253  -41.191  176.687  -83.111  -55.933   73.392  -73.645   33.434
884  -18.305  -95.794  -47.865  -43.314  173.206  -77.155  -71.467   68.122  -89.467  -13.789
885   -7.631 -113.864  -32.002   33.590  170.328  166.315  -53.375   34.859  -73.640   11.687
886    9.671 -120.571  -22.840   30.739 -174.192  172.593  -71.340   50.543  -70.959   23.296
887  -29.182 -108.537  -53.722   26.635  171.778  -56.675  -51.021  162.364 -164.629   -4.330
888    7.160 -100.617  -44.145   45.525  170.809  162.513  -48.063   63.249  -49.126  -27.286
889  -32.061 -112.341   12.958  -26.525 -178.535 -177.151  -44.096   89.552  -74.357   17.733
890   -7.126  -94.211    7.853  -22.406  176.575 -172.865  -50.812   55.070  -64.557   -8.315
891  -35.747 -103.287  -36.266   21.166  177.362  167.410  -40.663   73.340  -33.787   -2.747
892  -18.003 -111.433  -32.396   10.948 -174.602 -170.606  -65.622   69.438  -73.934    9.830
893  -49.339 -108.991    1.922  -56.671 -175.911 -118.627  -56.990   68.994  -56.555  -41.792
894   -2.179  -84.683  174.484  160.543 -170.601  168.716  -54.978   74.334  -65.334 -174.096
895  -24.984 -105.860  -27.988   30.648 -179.820  155.461  -47.486   46.434  -56.096 -179.684
896  -24.732 -134.412  -26.176  -47.503  172.976 -100.929  -53.853   66.604  -46.559 -145.709
897  -20.819 -118.759  -36.839   37.279  175.644 -175.355  -55.141   76.658  -69.686 -167.904
898  -16.466 -110.629    3.068  -29.701 -166.473 -156.749  -73.198   73.322  -68.691 -169.358
899  -20.738 -101.920  -36.491  -66.254  176.829  -70.557  -73.292   87.098  -63.322 -157.186
900   -7.249  -98.953  -27.659   -4.917  176.895 -135.769  -55.912   69.734  -85.420 -169.217
901  -15.456 -110.600  -39.335   47.665  168.503  158.744  -50.885   45.662  -57.607 -149.791
902  -24.240 -104.892  -23.882    2.907  172.695 -166.263  -59.158   48.472  -60.361  163.689
903  -30.771  -95.010   18.381  -62.467  176.744 -124.413  -56.580   68.279  -84.225  -33.431
904  -19.040 -115.102  173.154  165.419  170.984 -159.842  -56.033   54.991  -72.662   21.537
905   -5.009  -98.693  159.538  173.541 -172.968  167.658  -62.347   40.157  -51.334   14.398
906   -2.190  -97.546 -153.960  154.759 -168.322  146.586  -52.976   65.201  -65.042   27.379
907   -8.691  -89.284  172.372 -172.169 -168.813 -176.455  -69.660   55.882  -59.118   29.645
908  -26.073  -99.150  167.107  166.012 -178.760 -135.102  -66.468   53.175  -96.559  -12.276
909  -22.885  -86.585  170.936  161.785  173.322 -164.916  -53.309   38.955  -77.210  -27.661
910    5.139 -101.715  159.174  176.926 -175.821 -171.209  -62.167   75.259  -50.036 -175.210
911   -7.160 -100.257  168.823  170.381 -173.983 -178.030  -52.696   45.629  -56.134 -163.655
912   -3.955 -109.776  148.967 -170.024 -176.954 -169.134  -57.862   53.731  -57.392  170.074
913   -4.140 -116.784  160.553  173.361  172.635 -170.527  -57.829   45.501  -55.011 -167.511
914  -43.765  -87.429  156.401  154.755 -173.102 -151.324  -63.335   71.214  -51.454  162.704
915    6.787  -85.424  153.366  163.912  175.961 -165.389  -52.923   54.019  -55.378 -171.852
916   22.445 -118.773  149.589  170.100  172.573 -173.590  -52.775   50.873  -69.566 -177.355
917  -25.029  -83.811  162.444  156.604 -176.506 -150.363  -68.866   65.282  -68.860  165.569
918  -13.898 -111.343  146.423 -161.679 -172.370  176.507  -53.093   57.711  -59.227  165.831
919   15.786 -102.950  141.640  166.548 -176.830 -151.644  -66.630   57.327  -58.517 -173.218
920   -3.342 -108.807  166.801  169.173  176.747  172.747  -52.226   58.508  -58.679  168.977
921  -15.493 -115.325  153.849  163.375 -177.148 -171.950  -52.093   54.198  -46.068 -164.195
922  -29.024 -122.970  162.539  165.897  179.127 -159.293  -61.385   38.185  -62.287 -170.740
923   -6.391 -108.690  167.198  163.601 -177.432 -173.024  -57.176   49.556  -59.023  178.512
924   -7.514 -107.001  167.107 -176.171  176.127 -178.400  -63.337   62.311  -60.204  159.579
925  -14.624 -103.466  173.589 -178.445  177.162  150.750  -45.756   47.043  -49.567 -167.575
926   -8.517 -111.459  169.343  169.946  177.896  175.873  -62.341   58.912  -82.838 -170.621
927  -25.434  -89.902   33.412  -25.106 -159.103  176.019  -62.414   70.525  -66.111 -157.353
928  -40.958 -104.873  -33.254   51.827 -179.993  177.050  -75.106   59.124  -61.472 -169.053
929  -15.357 -111.652  -39.575   35.840  173.452  150.926  -46.263   69.486  -53.424    5.631
930  -33.648  -97.195   -0.418  -12.833  177.334 -172.522  -51.887   57.680  -79.852 -178.090
931   13.557  -98.771  -16.611   11.614 -169.997  159.848  -43.869   76.684  -49.152 -151.829
932   10.576  -98.360 -179.451  159.888  179.323 -170.048  -48.424   45.651  -59.156  177.971
933   11.325  -91.281 -178.307  155.986 -179.022 -167.027  -59.267   45.788  -64.636   -4.940
934    7.272 -117.906  157.884  174.131  177.331 -154.573  -51.416   54.404  -58.434  174.491
935   -4.140  -94.346  156.826  158.811 -179.433 -152.652  -60.516   64.047  -58.387  175.758
936   -5.840 -110.262  152.522 -175.003  178.958  179.783  -48.915   59.018  -41.888  154.156
937  -22.603 -106.765  151.500 -175.133  167.035   72.764  -73.325   42.619  125.320   -3.746
938   -2.166  -69.219  144.709  178.571  175.892  163.230  -65.497   32.056  -10.659   11.854
939    0.270 -101.641 -168.494  157.983  178.488  166.310  -51.642   60.226  -56.434  165.117
940    0.154 -106.808  161.314  163.522  176.466 -141.760  -67.987   63.569  -68.545  164.997
941  -17.256 -118.548  157.761 -167.791  179.346 -169.710  -56.539   58.819  -51.161  162.328
942   10.901  -86.051  151.164  175.811 -174.356 -159.093  -63.975   66.180  -45.055  152.876
943   13.452 -104.363  153.792  172.890  173.143 -158.288  -56.510   48.566  -62.113 -171.942
944   -2.746 -103.634 -161.546  158.887  169.167  164.546  -41.699   45.757  -55.599  143.535
945   -9.447  -91.897  177.827  172.209  177.314   74.374  -52.032   31.531   66.728   12.409
946   32.574  -55.612  167.943  141.003 -178.620 -174.656  -52.649   64.127  -59.355   21.068
947 -113.287  -79.584  162.802 -179.577 -167.562 -179.038  -51.330   52.490  -77.521   21.370
948  -76.223  -82.525  157.543  157.682 -177.326 -139.598  -56.596   51.802  -60.967 -140.055
949  -65.877  -67.946  169.209  172.554 -175.493  162.944  -51.905   41.320  -41.948 -177.903
950   16.092 -108.801  160.597  153.530 -178.564 -128.874  -61.550   57.754  -50.631   -6.434
951    3.203 -115.197  151.141 -174.834 -171.997 -158.864  -57.199   65.979  -74.745   14.636
952  -21.526  -94.161  157.468  173.946 -176.343 -171.781  -58.029   46.459  -62.055   -0.157
953  -18.905 -102.356  177.744  168.657  176.798 -175.246  -47.479   57.786  -65.839   23.093
954   -9.233 -100.359  168.853  164.725 -176.265 -169.856  -52.011   29.705  -53.487   11.688
955   -0.807 -114.508  161.575  155.526  179.035 -168.772  -56.563   59.739  -53.936    5.284
956    5.675 -115.613  159.318  177.346 -174.315  170.841  -59.999   59.989  -54.293  166.467
957   -1.895  -98.670  175.825  159.491 -172.394 -175.266  -65.845   61.474  -34.247  168.955
958   29.772  -91.060  145.000  155.604 -178.303 -126.304  -59.114   56.516  -74.154 -168.442
959    1.838 -102.806  149.887  161.807 -175.650 -163.832  -57.537   57.168  -61.749  159.550
960   -2.983 -117.445  149.723  178.138  176.751 -168.669  -54.369   64.876  -64.022  172.973
961  -19.577 -113.217  170.040  156.367 -177.091 -142.243  -60.588   62.933 -104.266 -156.307
962   12.796 -117.270  166.567  168.438  174.499 -168.627  -60.113   57.751  -66.245 -173.766
963  -20.147 -113.790  166.562  163.083 -177.683 -147.436  -61.268   60.990  -98.998 -172.716
964   -2.270  -94.020 -179.557  166.162  177.617 -171.747  -52.669   33.640 -103.477 -169.122
965  -31.312 -111.355  179.386  162.139 -174.545 -168.333  -63.251   66.250  -56.316   -7.054
966   -6.266 -103.584 -179.024  169.347  178.679  177.329  -59.830  -54.917  -24.072    7.833
967  -18.526 -100.208  150.275  158.391 -178.422 -141.836  -61.110   51.253  -44.085  166.099
968  -18.083 -101.357  148.203  173.014  179.309  -61.640  -47.784  177.707 -178.701 -172.041
969  -14.613  -98.800  168.097  153.572  175.496  -56.215  -43.063  137.365  170.054 -146.100
970  -23.936 -104.963  179.351  158.575 -178.629 -162.926  -57.839   60.023  -75.357  163.022
971   -1.920  -94.843  172.005  170.222  172.041  178.492  -52.299   51.007  -54.209 -142.793
972  -13.627  -94.981  178.928 -174.196 -170.830  152.898  -65.415   59.011  -62.082 -168.706
973    3.764 -101.182  158.843 -178.172  177.220 -176.504  -56.717   63.316  -59.329  -12.773
974    8.742 -103.726  139.329 -176.069 -179.659 -167.952  -56.245   53.957  -53.832 -167.358
975  -11.181 -118.442 -151.698  140.711  174.004  -84.484  -61.471 -178.801  135.119 -164.134
976    3.293  -89.752 -172.494  157.923 -178.029 -107.802  -54.383  167.398  144.027 -174.575
977   15.079  -76.509  160.099 -176.133 -176.278  -88.183  -50.364 -176.143  153.693 -171.681
978  -15.435 -106.129  165.286  162.223 -175.789  -76.292  -69.175  157.634  113.697 -162.512
979  -11.481 -109.762 -164.467  164.332  177.638 -103.510  -53.380  175.929  166.771  167.011
980   -5.500 -106.405  158.053 -164.990  168.367  -80.980  -44.086 -166.691  134.372  176.570
981   -8.100  -96.315  151.058  173.357 -178.909  -58.457  -44.243  133.636  124.139 -171.308
982   -4.158 -111.471  154.315 -177.109  175.328  -94.488  -40.233  172.012 -144.205   22.235
983  -25.049 -128.651  178.721  154.619  178.725  -75.528  -47.332  156.377 -172.300   16.348
984  -10.205  -86.071  161.233  176.501 -171.290 -104.121  -55.592  139.058 -170.636   15.761
985   29.028  -80.038  168.905  157.190 -179.560  -75.966  -64.365  151.633 -120.183  165.192
986   -0.156 -108.006  174.538  163.122  177.674  -81.750  -45.475  172.462  150.335  177.735
987   10.362  -89.093  157.123 -179.360  178.783  -78.124  -55.498 -169.919  143.354  155.701
988  -15.554  -95.633  171.081  174.976  173.976  -56.747  -52.283  171.043  126.045    3.141
989  -42.360 -100.519  158.913 -176.614 -175.004  -76.784  -35.153  149.657  113.634    5.777
990   -8.186  -89.040  163.078  162.182  171.258  -62.606  -52.827  136.915  126.553   -1.842
991   32.424 -104.295  156.651  161.050 -179.178  -67.795  -60.171  172.891  147.371    6.150
992    8.364 -110.337  171.312  173.530 -174.629  -97.751  -44.138  150.335   48.237   37.027
993  -21.328 -100.327 -171.000  154.333  176.643  -78.318  -41.729  152.465  -24.180   14.417
994  -19.505  -97.761  179.368  168.378  179.678  -73.070  -59.451  174.538  -31.783   -0.764
995    3.309  -94.008  150.849 -175.368 -174.346  -66.596  -43.922  151.756  -36.795   12.405
996    5.286  -89.510  172.019 -177.663  176.417  -53.562  -49.193  153.911  -61.177    4.623
997    1.425 -107.673 -165.293  155.175  175.452  -82.712  -48.522  164.326  -27.581   -8.984
998   -4.363 -117.354  137.863 -142.194 -175.630  -99.013  -44.660  142.213   15.334   -5.920
999   -5.719 -114.412 -169.576  159.012 -173.695  -65.353  -44.883   94.519  -57.700    8.373
1000   -7.001  -77.670  154.588 -172.464 -176.618  -51.402  -57.072  168.423  -56.794  -19.012
