  Frame #         RMSD         rGyr      intraHB        MolSA         SASA          PSA
        0        0.000        5.574            0      325.612      147.647      192.228
        1        0.936        5.444            0      327.607       91.422      208.553
        2        0.863        5.579            0      325.233       74.756      203.506
        3        0.778        5.580            0      328.486       95.548      209.533
        4        0.977        5.359            0      324.980       88.509      207.607
        5        0.921        5.535            0      326.891       77.548      204.237
        6        1.033        5.653            0      326.069      110.402      204.132
        7        0.835        5.656            0      329.640       96.034      204.336
        8        0.880        5.563            0      326.157       82.792      204.366
        9        0.860        5.542            0      327.931       88.328      209.368
       10        0.961        5.411            0      328.171       88.737      212.454
       11        0.951        5.553            0      324.618      100.325      205.631
       12        0.927        5.574            0      328.231       96.561      203.733
       13        0.887        5.614            0      328.838       86.089      207.963
       14        0.900        5.615            0      326.532       77.153      205.088
       15        1.048        5.482            0      324.942       92.748      203.117
       16        1.168        5.473            0      327.935       77.588      204.467
       17        0.884        5.601            0      328.454       95.161      209.424
       18        0.918        5.481            0      327.585       99.459      212.506
       19        0.760        5.582            0      328.834       97.233      208.217
       20        1.104        5.439            0      325.786       73.600      209.134
       21        0.878        5.573            0      325.975       88.327      208.368
       22        1.038        5.436            0      325.893       68.710      211.882
       23        0.816        5.622            0      324.974       82.861      204.995
       24        0.879        5.574            0      326.683       81.848      205.278
       25        0.894        5.666            0      329.671      100.361      206.334
       26        0.809        5.464            0      326.589       75.375      210.326
       27        0.912        5.390            0      328.083       63.575      206.793
       28        0.935        5.438            0      326.424       90.825      214.124
       29        0.870        5.566            0      329.231      120.936      210.617
       30        0.688        5.436            0      324.504      147.943      206.793
       31        0.759        5.538            0      325.565      110.686      206.928
       32        0.793        5.436            0      325.383      125.372      203.179
       33        0.738        5.451            0      322.637      112.880      203.396
       34        0.825        5.526            0      325.465      105.609      204.992
       35        0.820        5.552            0      327.221       86.746      207.646
       36        0.735        5.547            0      328.549       83.467      206.282
       37        0.948        5.659            0      325.297       85.612      203.504
       38        0.848        5.666            0      327.252       98.743      209.387
       39        0.960        5.608            0      327.635       96.447      207.142
       40        0.992        5.573            0      323.917       97.196      204.510
       41        0.664        5.610            0      326.326      110.431      205.562
       42        0.871        5.642            0      326.651       78.770      207.417
       43        0.888        5.508            0      324.895       91.041      206.393
       44        0.957        5.544            0      327.144       99.634      211.407
       45        0.922        5.640            0      328.448       83.001      208.512
       46        0.994        5.478            0      324.795       80.298      208.270
       47        1.028        5.496            0      328.656       83.000      212.172
       48        0.836        5.683            0      330.256       92.336      207.738
       49        0.982        5.658            0      329.147      102.606      206.542
       50        0.938        5.642            0      326.465      105.755      202.001
       51        0.768        5.605            0      326.071       89.893      209.185
       52        0.871        5.554            0      325.613       93.628      207.035
       53        0.855        5.585            0      328.939       82.995      209.606
       54        0.827        5.617            0      327.751      106.804      207.072
       55        0.692        5.562            0      326.040       95.361      206.987
       56        0.951        5.631            0      328.270       98.522      208.433
       57        0.750        5.580            0      324.405       96.776      206.197
       58        0.948        5.694            0      327.989      107.472      206.728
       59        0.877        5.622            0      325.898       87.148      206.897
       60        0.858        5.589            0      325.141       87.072      200.664
       61        0.803        5.630            0      329.671       85.172      208.061
       62        0.729        5.581            0      324.193       88.453      204.136
       63        0.891        5.653            0      330.057       85.668      209.853
       64        0.980        5.587            0      329.010      105.101      207.064
       65        0.982        5.611            0      323.958       96.261      203.936
       66        0.914        5.667            0      326.831      103.818      201.670
       67        0.698        5.575            0      323.378      106.647      200.549
       68        0.835        5.624            0      327.359       69.551      207.503
       69        0.641        5.622            0      325.639       99.206      206.447
       70        0.523        5.553            0      321.711      119.471      198.846
       71        0.922        5.716            0      328.424       78.810      203.837
       72        0.916        5.628            0      327.702       91.332      210.149
       73        0.829        5.518            0      328.418       57.436      208.389
       74        0.909        5.643            0      327.127       91.493      210.369
       75        0.879        5.559            0      324.275       80.968      207.566
       76        0.985        5.657            0      326.568       95.763      202.905
       77        0.945        5.580            0      325.213       79.565      204.795
       78        0.774        5.675            0      329.055       82.038      206.038
       79        0.957        5.606            0      327.430       91.696      207.124
       80        0.983        5.591            0      327.159       83.222      204.438
       81        0.951        5.662            0      328.852       94.319      209.972
       82        0.823        5.635            0      326.398       99.995      205.553
       83        0.970        5.624            0      326.766       88.286      204.071
       84        0.907        5.598            0      327.834       88.581      209.021
       85        0.784        5.638            0      329.637      114.217      209.221
       86        0.627        5.561            0      323.223       79.828      200.942
       87        0.899        5.632            0      327.708       94.530      208.670
       88        0.994        5.599            0      324.174       71.154      203.298
       89        0.695        5.617            0      324.525       83.799      201.708
       90        0.899        5.625            0      327.802       83.841      204.293
       91        0.896        5.705            0      326.375       86.566      204.821
       92        0.979        5.678            0      327.091       95.610      199.313
       93        0.709        5.625            0      326.708      103.585      207.073
       94        0.972        5.677            0      329.139      103.975      204.831
       95        0.809        5.551            0      324.631       80.369      207.681
       96        0.840        5.520            0      327.358      124.621      205.272
       97        0.884        5.603            0      328.521       95.864      204.423
       98        0.774        5.626            0      325.475       90.182      208.759
       99        0.881        5.626            0      325.258      100.872      206.053
      100        0.533        5.609            0      323.623      117.936      195.228
      101        0.639        5.535            0      324.878       92.237      198.717
      102        0.885        5.553            0      325.428       93.964      206.592
      103        0.778        5.637            0      328.478       79.352      211.265
      104        0.387        5.543            0      323.237       73.625      198.548
      105        0.596        5.587            0      322.143       87.575      200.691
      106        0.501        5.624            0      324.551      128.941      200.596
      107        0.366        5.603            0      323.982      134.280      197.082
      108        0.790        5.576            0      326.394      125.830      200.123
      109        1.100        5.534            1      321.888      147.677      191.371
      110        0.929        5.621            0      331.116      138.572      209.051
      111        0.925        5.659            0      327.695      119.573      209.894
      112        0.938        5.501            0      324.853      104.898      209.322
      113        1.075        5.649            0      328.032      142.331      203.933
      114        0.687        5.523            0      325.993      124.528      209.637
      115        0.931        5.500            0      325.911      113.901      205.953
      116        0.815        5.535            0      324.681      119.173      203.034
      117        0.673        5.510            0      322.165      107.073      203.907
      118        0.751        5.610            0      326.085      135.789      207.141
      119        0.787        5.534            0      325.125      124.740      206.135
      120        0.402        5.587            0      324.416      127.192      198.373
      121        0.730        5.592            0      324.714      120.848      198.934
      122        0.689        5.595            0      328.013      106.095      208.332
      123        0.790        5.551            0      325.113      108.920      204.539
      124        0.665        5.544            0      325.392      117.482      205.572
      125        0.943        5.466            0      325.473       94.967      210.812
      126        0.914        5.565            0      325.295      117.283      205.512
      127        0.847        5.618            0      328.043      124.894      208.172
      128        0.820        5.533            0      325.529      115.445      202.486
      129        0.534        5.565            0      325.203      142.834      197.061
      130        0.716        5.633            0      327.659      125.131      200.631
      131        0.698        5.518            0      325.420      117.049      205.483
      132        0.915        5.710            0      330.933      126.904      208.442
      133        0.897        5.580            0      325.999      103.820      206.499
      134        0.849        5.682            0      330.593      121.154      210.821
      135        0.834        5.561            0      322.482      133.888      205.389
      136        0.678        5.653            0      326.695      127.496      200.802
      137        0.675        5.597            0      325.920      112.119      201.385
      138        0.758        5.488            0      324.073      128.576      203.624
      139        0.923        5.679            0      328.974      118.261      207.266
      140        0.933        5.705            0      328.951       97.177      206.132
      141        0.785        5.576            0      326.659      129.145      203.604
      142        0.780        5.510            0      325.096      128.579      203.981
      143        0.788        5.590            0      326.371      129.957      204.802
      144        0.860        5.623            0      327.650      132.872      211.196
      145        0.941        5.464            0      325.110      124.277      202.929
      146        0.962        5.654            0      326.956      126.620      207.690
      147        0.889        5.623            0      325.121      135.497      201.231
      148        0.704        5.609            0      326.842      118.185      204.838
      149        0.661        5.686            0      326.960      147.106      204.207
      150        0.996        5.706            0      327.722      132.385      201.690
      151        0.750        5.578            0      325.320      156.351      205.953
      152        0.943        5.557            0      326.174      109.054      207.556
      153        0.734        5.611            0      326.557      120.488      197.466
      154        1.041        5.586            0      328.309      121.281      208.386
      155        1.074        5.625            0      326.538      128.632      200.056
      156        0.657        5.641            0      326.210      126.207      202.633
      157        0.935        5.648            0      327.162      117.773      205.688
      158        0.704        5.580            0      325.531      125.950      200.095
      159        0.798        5.731            0      327.292      130.879      201.308
      160        0.815        5.513            0      321.981      139.704      197.205
      161        1.143        5.638            0      327.477      139.018      206.562
      162        1.036        5.614            0      325.703      121.432      206.332
      163        0.625        5.610            0      325.642      127.388      202.103
      164        0.729        5.632            0      327.029      133.989      203.283
      165        1.070        5.591            0      325.939      129.803      200.227
      166        0.642        5.580            0      322.906      133.812      201.151
      167        0.779        5.561            0      328.277      115.552      209.781
      168        0.862        5.593            0      326.401      139.519      203.805
      169        0.807        5.707            0      329.133      127.200      205.807
      170        0.932        5.607            0      328.638      109.382      207.943
      171        1.030        5.536            0      325.890      112.543      207.017
      172        0.966        5.534            0      328.084       95.785      210.668
      173        0.678        5.663            0      328.325      143.479      204.299
      174        0.802        5.611            0      326.350      130.028      199.610
      175        0.808        5.690            0      325.132      120.352      197.813
      176        0.546        5.564            0      324.390      133.037      203.185
      177        0.753        5.604            0      324.370      116.979      203.649
      178        1.011        5.575            0      328.939      112.839      208.989
      179        1.061        5.621            0      328.436      103.431      202.787
      180        0.883        5.598            0      328.243      115.451      206.207
      181        0.860        5.513            0      325.818       89.830      213.460
      182        0.691        5.597            0      325.319      118.015      203.391
      183        0.992        5.496            0      326.805       94.922      207.082
      184        0.776        5.635            0      326.809      116.156      202.875
      185        0.651        5.589            0      322.763       98.436      203.038
      186        0.684        5.629            0      323.756      122.050      202.777
      187        0.829        5.536            0      324.650      121.070      203.377
      188        0.721        5.745            0      325.400      124.938      197.372
      189        0.612        5.546            0      324.775      148.629      200.177
      190        0.917        5.565            0      326.501      100.258      205.398
      191        0.995        5.619            0      327.083      110.149      207.964
      192        0.881        5.686            0      329.453      115.724      203.423
      193        0.796        5.589            0      326.212       91.056      202.992
      194        0.864        5.692            0      329.232      108.113      207.638
      195        1.029        5.582            0      328.309      128.444      204.355
      196        1.014        5.613            0      328.912      145.937      207.491
      197        0.974        5.637            0      329.118      102.067      205.440
      198        1.124        5.563            0      323.612      129.726      198.591
      199        1.010        5.593            0      327.466      102.701      206.001
      200        0.946        5.650            0      328.454       84.521      207.205
      201        0.943        5.512            0      325.939      120.853      208.416
      202        0.974        5.670            0      328.027      116.364      205.193
      203        1.011        5.519            0      325.915      105.250      207.797
      204        0.928        5.620            0      328.412      106.207      205.498
      205        0.883        5.590            0      324.991      103.132      203.174
      206        1.003        5.603            0      327.643       86.038      206.649
      207        0.693        5.491            0      321.889      114.476      192.918
      208        0.521        5.487            0      323.815      133.745      201.059
      209        0.532        5.630            0      328.508      137.900      201.506
      210        0.566        5.685            0      330.032      122.988      202.669
      211        0.810        5.608            0      328.219      124.726      205.195
      212        0.913        5.595            0      325.175      114.090      200.678
      213        0.636        5.612            0      326.757      117.362      198.436
      214        0.762        5.699            0      328.412      126.182      201.447
      215        0.702        5.586            0      328.208      118.832      208.814
      216        0.666        5.644            0      326.208      127.713      202.837
      217        0.787        5.552            0      324.513      117.971      202.526
      218        0.720        5.601            0      324.263      125.452      197.901
      219        0.830        5.636            0      324.739      122.885      205.873
      220        0.985        5.618            0      328.469       89.675      204.294
      221        0.759        5.475            0      323.547       93.041      206.769
      222        0.730        5.659            0      326.373       95.537      200.660
      223        0.770        5.544            0      327.147       88.539      202.684
      224        0.764        5.529            0      326.047      127.049      207.195
      225        0.853        5.479            0      324.003       92.140      202.055
      226        0.602        5.625            0      326.829      108.811      198.053
      227        0.771        5.594            0      324.610       89.754      202.546
      228        0.843        5.593            0      327.400       85.707      208.016
      229        0.661        5.598            0      321.284      105.840      194.908
      230        0.789        5.578            0      324.986      106.320      202.894
      231        0.964        5.634            0      326.858       72.961      209.008
      232        0.573        5.761            0      328.433       86.794      193.575
      233        0.886        5.581            0      326.790       87.233      210.004
      234        0.616        5.571            0      325.910       92.893      200.008
      235        0.698        5.585            0      324.988       98.842      202.180
      236        0.870        5.469            0      325.555       93.636      205.694
      237        0.652        5.536            0      324.975       78.457      203.569
      238        0.945        5.556            0      324.753       92.510      207.144
      239        0.981        5.555            0      326.074       82.965      205.862
      240        0.952        5.595            0      327.791       66.406      207.745
      241        0.731        5.626            0      326.271      108.743      205.042
      242        1.005        5.620            0      326.149       92.529      205.833
      243        0.720        5.526            0      325.837       89.040      204.082
      244        0.904        5.614            0      326.181       96.917      203.693
      245        0.718        5.572            0      325.217       85.838      200.424
      246        1.085        5.614            0      326.814      106.781      204.759
      247        0.827        5.534            0      326.084       86.316      208.617
      248        1.027        5.566            0      326.367       91.428      209.493
      249        0.954        5.476            0      326.345       98.127      208.316
      250        0.724        5.583            0      326.787      130.718      205.789
      251        0.808        5.615            0      328.735      107.848      207.823
      252        0.650        5.566            0      325.148       90.647      208.589
      253        0.772        5.560            0      329.703       76.920      208.669
      254        0.819        5.454            0      324.009       99.000      203.777
      255        0.753        5.594            0      324.259      106.988      202.497
      256        0.737        5.526            0      325.963       99.171      208.029
      257        0.756        5.569            0      328.234      106.500      212.224
      258        0.900        5.487            0      326.636      104.164      210.419
      259        0.864        5.481            0      327.526       81.278      213.181
      260        0.888        5.664            0      328.889       90.841      202.211
      261        0.668        5.550            0      326.254       68.835      202.483
      262        1.017        5.640            0      325.106       85.061      197.645
      263        1.058        5.582            1      323.995      108.703      190.081
      264        1.066        5.703            0      328.110       94.862      203.080
      265        0.615        5.571            0      323.915       83.068      198.766
      266        0.755        5.571            0      326.352       86.012      207.761
      267        0.544        5.578            0      322.535      122.619      199.871
      268        0.449        5.619            0      327.817      122.155      207.528
      269        0.477        5.661            0      325.201      115.508      198.389
      270        0.410        5.593            0      327.677       98.603      202.781
      271        0.614        5.613            0      324.786      109.607      198.209
      272        0.414        5.587            0      324.748      147.896      196.427
      273        0.842        5.455            0      323.281       92.407      209.696
      274        0.629        5.664            0      325.732      109.183      199.502
      275        0.727        5.541            0      323.009      115.026      201.460
      276        0.775        5.466            0      322.276      110.451      201.059
      277        0.739        5.493            0      323.603      117.244      199.678
      278        0.505        5.626            0      325.088      119.812      195.419
      279        0.953        5.694            0      327.570       94.518      204.426
      280        0.863        5.531            0      325.715       77.593      206.306
      281        0.573        5.612            0      325.950      112.003      199.336
      282        0.689        5.599            0      324.320      110.656      196.368
      283        0.615        5.562            0      325.904      109.053      202.027
      284        0.596        5.651            0      325.506      112.211      201.216
      285        0.520        5.491            0      324.133      113.519      198.931
      286        0.590        5.565            0      323.511      107.408      195.987
      287        0.552        5.603            0      328.004      132.616      203.676
      288        0.862        5.617            0      324.540      124.181      197.923
      289        0.716        5.702            0      326.981      120.911      199.804
      290        0.786        5.597            0      326.477      132.244      204.016
      291        0.607        5.616            0      325.218      111.048      199.126
      292        0.628        5.569            0      324.593      131.681      197.643
      293        0.604        5.556            0      324.757      123.594      200.305
      294        0.774        5.537            0      325.798      113.836      206.326
      295        0.729        5.631            0      325.630      146.320      201.433
      296        0.613        5.594            0      322.818      138.360      197.806
      297        0.685        5.673            0      328.563      125.036      202.256
      298        0.672        5.663            0      326.020      131.599      198.670
      299        0.767        5.625            0      324.807      126.234      194.552
      300        0.560        5.592            0      323.132      125.087      197.015
      301        0.836        5.590            0      327.339      140.041      206.155
      302        0.581        5.562            0      322.326      122.508      197.860
      303        0.837        5.527            0      323.493      117.023      203.005
      304        0.726        5.655            0      324.955      139.665      195.679
      305        0.635        5.622            0      322.849      128.901      203.862
      306        0.625        5.693            0      326.485      124.798      197.219
      307        0.782        5.509            0      323.166      126.734      205.110
      308        0.732        5.610            0      324.755      121.882      197.141
      309        0.836        5.599            0      326.419      130.792      207.051
      310        0.759        5.641            0      326.181      108.331      205.531
      311        0.616        5.574            0      326.584      133.635      202.025
      312        0.805        5.517            0      324.967      148.561      201.188
      313        0.574        5.586            0      322.299      144.320      202.451
      314        0.754        5.611            0      325.883      119.335      205.598
      315        0.586        5.600            0      325.075      116.852      200.148
      316        0.897        5.566            0      326.726      111.818      208.090
      317        0.695        5.589            0      324.888      126.407      197.164
      318        0.694        5.588            0      325.312      111.051      200.652
      319        0.600        5.673            0      327.715      105.851      197.516
      320        0.665        5.634            0      323.547      110.529      199.162
      321        0.533        5.647            0      325.727      116.083      198.482
      322        0.630        5.620            0      324.369      137.532      195.271
      323        0.725        5.545            0      324.980      129.456      199.233
      324        0.656        5.644            0      326.535      113.871      200.449
      325        0.368        5.606            0      325.734      106.202      197.355
      326        0.671        5.634            0      325.243      129.661      200.470
      327        0.527        5.531            0      322.140      106.672      193.696
      328        0.747        5.644            0      324.601      114.903      193.832
      329        0.683        5.678            0      325.768      116.540      197.977
      330        0.633        5.632            0      325.051      118.594      200.271
      331        0.618        5.661            0      328.359      117.966      202.557
      332        0.491        5.597            0      326.528      139.287      196.584
      333        0.759        5.605            0      326.126      107.304      201.836
      334        0.654        5.604            0      326.767      111.909      204.464
      335        0.483        5.553            0      325.087      133.334      200.933
      336        0.798        5.505            0      322.056      110.203      202.218
      337        0.745        5.653            0      326.363      118.543      203.570
      338        0.662        5.609            0      323.807      119.366      199.333
      339        0.548        5.598            0      323.965      145.110      193.213
      340        0.629        5.587            0      323.535      125.715      196.531
      341        0.695        5.599            0      326.398      131.332      204.076
      342        0.717        5.580            0      326.889      165.157      199.446
      343        0.696        5.604            0      324.517      137.630      202.400
      344        0.644        5.596            0      325.410      133.682      203.674
      345        0.862        5.612            0      323.564      131.749      197.127
      346        0.785        5.526            0      322.919      134.986      197.637
      347        0.667        5.602            0      324.849      135.913      203.038
      348        0.741        5.582            0      325.912      122.462      206.819
      349        0.831        5.639            0      326.391      143.574      204.414
      350        0.574        5.618            0      325.598      144.108      199.658
      351        0.724        5.603            0      323.285      133.545      201.478
      352        0.704        5.709            0      328.917      135.722      201.190
      353        0.720        5.612            0      326.025      127.775      202.304
      354        0.801        5.628            0      325.058      137.628      205.064
      355        0.612        5.576            0      322.442      122.527      204.862
      356        0.745        5.601            0      325.170      135.610      203.796
      357        0.727        5.560            0      324.144      130.442      202.498
      358        0.569        5.671            0      323.777      147.455      197.447
      359        0.618        5.541            0      322.385      124.957      198.304
      360        0.720        5.635            0      326.611      132.277      202.015
      361        0.871        5.642            0      325.140      122.412      202.537
      362        0.691        5.685            0      327.239      126.438      197.412
      363        0.795        5.664            0      328.436      139.906      203.585
      364        0.688        5.648            0      329.290      151.764      201.210
      365        0.841        5.621            0      325.586      143.704      200.241
      366        0.844        5.690            0      328.301      126.893      210.989
      367        0.716        5.568            0      323.014      131.514      200.069
      368        0.724        5.562            0      325.133      137.451      202.845
      369        0.738        5.621            0      324.508      136.903      201.544
      370        0.593        5.597            0      324.192      141.177      200.834
      371        0.915        5.650            0      327.086      138.392      204.582
      372        0.589        5.570            0      325.507      155.234      199.576
      373        0.744        5.608            0      324.230      126.692      205.841
      374        0.676        5.674            0      326.607      130.463      197.135
      375        0.677        5.649            0      325.858      140.442      199.605
      376        0.812        5.624            0      327.651      141.835      203.278
      377        0.657        5.587            0      325.750      123.350      201.315
      378        1.042        5.569            0      328.270      119.770      204.718
      379        0.646        5.537            0      322.253      130.813      196.554
      380        0.756        5.532            0      321.618      140.687      198.984
      381        0.540        5.595            0      325.305      140.001      196.237
      382        0.616        5.566            0      324.538      136.211      200.886
      383        0.842        5.645            0      325.281      142.036      201.113
      384        0.865        5.521            0      324.727      111.363      206.150
      385        0.663        5.589            0      324.707      147.248      197.805
      386        0.524        5.642            0      328.367      125.879      204.442
      387        0.651        5.560            0      325.932      132.323      202.017
      388        0.659        5.489            0      322.321      121.078      201.719
      389        0.818        5.556            0      324.925      144.735      198.693
      390        0.752        5.586            0      323.997      127.287      202.041
      391        0.878        5.594            0      326.682      140.794      206.508
      392        0.702        5.557            0      326.784      132.722      204.963
      393        0.620        5.554            0      325.220      118.581      204.272
      394        0.816        5.485            0      320.700      124.127      199.449
      395        0.567        5.642            0      327.005      149.409      201.753
      396        0.635        5.640            0      326.535      123.038      201.575
      397        0.594        5.539            0      324.684      126.922      199.154
      398        0.601        5.589            0      323.719      146.659      201.901
      399        0.445        5.632            0      324.583      148.423      198.464
      400        0.696        5.594            0      326.366      127.951      202.421
      401        0.582        5.703            0      328.171      143.574      203.495
      402        0.682        5.619            0      323.234      110.879      199.417
      403        0.494        5.541            0      328.470      113.072      202.619
      404        0.573        5.679            0      324.550      134.704      194.547
      405        0.764        5.585            0      325.626      149.217      195.616
      406        0.668        5.551            0      325.494      114.404      204.968
      407        0.610        5.630            0      325.391      133.022      199.404
      408        0.952        5.535            0      324.976      103.396      202.048
      409        0.405        5.555            0      323.443      110.673      198.084
      410        0.623        5.614            0      327.575      127.362      201.377
      411        0.666        5.678            0      326.106      124.021      198.771
      412        0.515        5.578            0      325.306      128.222      198.663
      413        0.579        5.627            0      325.461      102.957      199.845
      414        0.699        5.689            0      326.017      134.507      200.172
      415        0.676        5.551            0      326.290      112.256      206.925
      416        0.631        5.577            0      325.966      103.792      201.760
      417        0.737        5.649            0      326.977      121.211      208.611
      418        0.655        5.634            0      326.886      124.004      199.581
      419        0.415        5.606            0      327.381      123.497      201.643
      420        0.610        5.620            0      327.797      118.869      205.845
      421        0.633        5.646            0      325.711      145.432      199.075
      422        0.743        5.624            0      326.011      128.549      201.698
      423        0.526        5.567            0      323.961      131.634      200.347
      424        0.731        5.617            0      325.143      135.535      203.145
      425        0.706        5.664            0      326.752      136.944      203.379
      426        0.654        5.716            0      328.290      138.168      197.185
      427        0.637        5.707            0      325.734      138.350      197.173
      428        0.671        5.620            0      321.961      123.698      197.221
      429        0.652        5.650            0      324.690      117.206      199.061
      430        0.626        5.643            0      327.729      115.856      200.706
      431        0.814        5.535            0      327.008       99.453      208.316
      432        0.726        5.574            0      322.694      106.847      204.479
      433        0.727        5.563            0      326.462      114.291      204.954
      434        0.951        5.523            0      325.055      117.006      205.381
      435        0.746        5.492            0      325.777      116.281      202.376
      436        0.527        5.672            0      328.366      110.874      203.111
      437        0.649        5.584            0      325.756      123.681      199.964
      438        0.613        5.584            0      322.644      114.818      195.386
      439        0.527        5.550            0      324.959      109.999      203.072
      440        0.692        5.649            0      325.799      102.110      195.230
      441        0.585        5.577            0      325.238      109.720      200.833
      442        0.675        5.613            0      325.109      116.584      197.731
      443        0.672        5.572            0      325.566      125.025      196.296
      444        0.493        5.594            0      324.421      106.562      200.180
      445        0.566        5.608            0      325.366      109.123      200.405
      446        0.489        5.594            0      325.582      110.955      198.288
      447        0.568        5.581            0      324.017      106.662      200.794
      448        0.664        5.566            0      324.814      100.537      203.198
      449        0.660        5.663            0      325.676      105.003      195.055
      450        0.476        5.668            0      325.581      122.223      201.533
      451        0.542        5.538            0      321.853      103.135      194.709
      452        0.649        5.606            0      323.183      120.170      195.636
      453        0.638        5.652            0      328.527      132.367      202.293
      454        0.617        5.556            0      323.257      120.842      194.656
      455        0.581        5.539            0      323.702      136.708      196.330
      456        0.524        5.539            0      325.003      120.557      204.444
      457        0.617        5.605            0      324.266      128.167      198.059
      458        0.551        5.554            0      324.945      123.320      198.778
      459        0.629        5.602            0      325.609      154.286      197.073
      460        0.603        5.595            0      323.876      118.353      199.467
      461        0.675        5.657            0      323.568      136.598      197.328
      462        0.772        5.687            0      324.065      111.535      198.464
      463        0.665        5.584            0      322.203      132.794      194.637
      464        0.683        5.638            0      328.472      109.088      201.288
      465        0.753        5.586            0      323.981      122.154      198.203
      466        0.602        5.573            0      325.438      124.262      199.237
      467        0.719        5.526            0      323.151      113.690      199.232
      468        0.648        5.581            0      324.934      136.512      196.101
      469        0.626        5.623            0      326.412      120.578      201.275
      470        0.659        5.633            0      326.198      137.266      201.895
      471        0.708        5.546            0      324.196      133.746      199.469
      472        0.723        5.706            0      326.690      109.989      199.891
      473        0.702        5.521            0      320.757      145.115      191.744
      474        0.589        5.640            0      326.414       93.478      203.700
      475        1.177        5.597            0      325.291      130.913      192.869
      476        1.031        5.623            1      322.002      116.017      188.402
      477        0.734        5.591            0      322.313      116.897      200.704
      478        0.801        5.590            0      327.194      102.394      201.946
      479        0.790        5.544            0      324.142      121.897      207.081
      480        0.654        5.509            0      325.697      135.922      202.256
      481        0.554        5.621            0      328.814      136.398      205.969
      482        0.707        5.621            0      326.804      114.351      203.713
      483        0.686        5.537            0      325.563      115.190      201.260
      484        0.719        5.666            0      326.440      127.078      199.085
      485        0.608        5.650            0      326.292      125.525      198.517
      486        0.496        5.590            0      323.333      124.024      195.803
      487        0.737        5.590            0      324.356       89.222      204.088
      488        1.067        5.648            0      324.110      144.462      190.163
      489        1.121        5.734            0      325.880      122.887      195.556
      490        0.780        5.548            0      322.580      130.070      194.022
      491        0.717        5.511            0      321.960      140.682      197.602
      492        0.732        5.553            0      324.142      126.637      195.886
      493        0.599        5.656            0      324.859      136.051      198.601
      494        0.688        5.603            0      324.613      123.942      194.584
      495        0.596        5.617            0      325.477      139.460      199.931
      496        0.612        5.582            0      323.558      129.532      199.199
      497        0.531        5.607            0      324.360      126.824      198.433
      498        0.769        5.582            0      325.512      115.468      200.587
      499        0.636        5.593            0      324.333      109.630      196.394
      500        0.520        5.616            0      324.533      105.813      195.648
      501        0.545        5.678            0      327.051      124.927      201.916
      502        0.560        5.682            0      325.138      120.377      199.080
      503        0.599        5.624            0      325.911      127.208      199.670
      504        0.595        5.630            0      326.614      106.374      202.298
      505        0.701        5.620            0      324.853      131.145      202.479
      506        0.750        5.653            0      324.761      104.799      199.580
      507        0.650        5.496            0      319.708       99.145      193.857
      508        0.546        5.569            0      324.215      118.878      198.382
      509        0.693        5.571            0      324.127      101.845      197.621
      510        0.507        5.520            0      325.343      115.759      202.029
      511        0.682        5.530            0      323.093       92.512      196.079
      512        0.332        5.582            0      326.144       87.532      198.160
      513        0.693        5.721            0      326.172      136.046      199.837
      514        0.648        5.539            0      324.062      119.943      199.724
      515        0.679        5.643            0      325.639      111.547      198.782
      516        0.565        5.576            0      324.435      142.746      201.497
      517        0.933        5.566            0      324.591      130.906      202.108
      518        0.471        5.596            0      323.890      141.765      200.564
      519        0.748        5.495            0      323.489      142.671      202.765
      520        0.829        5.665            0      327.518      132.490      205.341
      521        0.830        5.568            0      323.882      119.044      199.027
      522        0.589        5.567            0      324.034      123.282      200.769
      523        0.731        5.717            0      325.633      122.702      198.367
      524        0.729        5.588            0      325.659      137.355      200.929
      525        0.810        5.636            0      328.494      123.145      199.515
      526        0.698        5.663            0      326.292      125.704      199.576
      527        0.680        5.584            0      325.629      130.394      199.105
      528        0.481        5.564            0      324.941      112.816      196.702
      529        0.503        5.637            0      326.810      143.072      203.455
      530        0.684        5.633            0      324.795      129.297      202.325
      531        0.543        5.578            0      323.087      138.241      198.746
      532        0.547        5.535            0      323.612      128.083      198.778
      533        0.671        5.690            0      328.164      141.116      200.336
      534        0.668        5.575            0      322.428      134.997      199.174
      535        0.631        5.521            0      324.964      134.628      201.595
      536        0.578        5.661            0      326.515      131.125      203.372
      537        0.667        5.562            0      325.278      147.917      201.285
      538        0.701        5.635            0      327.270      121.093      201.644
      539        0.627        5.654            0      324.758      134.827      194.495
      540        0.763        5.648            0      326.668      133.513      198.340
      541        0.788        5.645            0      327.710      138.518      204.818
      542        0.544        5.653            0      326.868      150.244      197.680
      543        0.744        5.601            0      323.933      142.047      199.407
      544        0.627        5.670            0      327.290      129.181      200.904
      545        0.734        5.681            0      327.403      127.618      200.778
      546        0.625        5.588            0      324.034      159.955      198.321
      547        0.757        5.662            0      326.425      146.904      201.393
      548        0.664        5.575            0      323.207      131.512      197.885
      549        0.910        5.587            0      326.318      138.645      201.117
      550        0.733        5.592            0      323.250      138.757      200.743
      551        0.702        5.518            0      324.380      129.978      196.759
      552        0.552        5.549            0      322.293      155.720      193.684
      553        0.728        5.593            0      326.893      137.772      205.949
      554        0.533        5.534            0      324.223      135.905      199.360
      555        0.505        5.611            0      324.698      115.143      199.754
      556        0.658        5.640            0      325.627      132.649      198.668
      557        0.680        5.635            0      326.957      114.790      200.601
      558        0.630        5.635            0      329.122      102.217      204.995
      559        0.587        5.566            0      324.290      117.598      202.204
      560        0.670        5.615            0      324.193      130.014      201.197
      561        0.694        5.629            0      327.364      111.685      202.378
      562        0.422        5.637            0      325.813      125.175      201.287
      563        0.881        5.571            0      325.522      130.412      197.682
      564        0.697        5.616            0      326.211      138.826      199.809
      565        0.622        5.622            0      326.358      136.593      201.924
      566        0.730        5.664            0      326.258      136.353      199.222
      567        0.483        5.736            0      328.215      123.718      200.552
      568        0.833        5.576            0      324.180      133.980      205.252
      569        0.568        5.599            0      326.178      144.657      203.642
      570        0.729        5.602            0      324.688      128.750      199.229
      571        0.665        5.613            0      327.292      143.594      200.758
      572        0.665        5.571            0      321.906      138.921      196.617
      573        0.722        5.620            0      325.808      128.407      201.526
      574        0.832        5.557            0      325.113      124.509      200.092
      575        0.736        5.667            0      323.463      143.086      197.586
      576        0.697        5.590            0      324.697      130.991      201.251
      577        0.639        5.647            0      323.548      140.303      197.230
      578        0.555        5.579            0      326.267      138.283      203.097
      579        0.593        5.586            0      323.789      142.526      199.549
      580        0.699        5.543            0      321.989      133.437      201.308
      581        0.690        5.611            0      322.595      136.386      197.624
      582        0.555        5.583            0      324.862      133.707      205.129
      583        0.751        5.634            0      326.024      124.485      201.223
      584        0.642        5.601            0      326.596      123.319      199.957
      585        0.763        5.613            0      324.487      131.909      199.860
      586        0.686        5.616            0      326.756      123.786      200.722
      587        0.804        5.574            0      325.015      130.664      206.401
      588        0.654        5.637            0      323.121      135.840      199.094
      589        0.631        5.564            0      324.312      117.157      203.086
      590        0.633        5.601            0      324.321      118.019      200.291
      591        0.713        5.623            0      327.008      127.564      202.922
      592        0.758        5.685            0      326.111      131.224      202.677
      593        0.662        5.623            0      325.645      133.514      194.072
      594        0.674        5.639            0      328.043      121.555      205.510
      595        0.579        5.639            0      323.901      122.404      201.046
      596        0.722        5.483            0      324.739      125.766      201.964
      597        0.620        5.543            0      325.981      114.196      200.010
      598        0.486        5.665            0      325.636      107.491      197.050
      599        0.529        5.575            0      324.767      121.825      196.998
      600        0.426        5.601            0      326.366      116.373      203.014
      601        0.698        5.561            0      322.260      117.654      200.171
      602        0.669        5.609            0      325.106      110.693      201.571
      603        0.783        5.628            0      326.734      129.913      201.996
      604        0.593        5.621            0      325.787      148.349      194.677
      605        0.517        5.620            0      324.514      110.027      202.145
      606        0.631        5.644            0      327.785      126.355      205.346
      607        0.729        5.655            0      327.396      105.730      202.204
      608        0.543        5.541            0      325.324      122.792      198.960
      609        0.629        5.603            0      324.924       98.313      194.925
      610        0.604        5.659            0      323.944      101.782      200.829
      611        0.605        5.628            0      326.842      125.708      201.067
      612        0.744        5.598            0      323.249      111.724      200.815
      613        0.595        5.637            0      324.765      126.893      199.289
      614        0.490        5.622            0      323.778      124.186      199.207
      615        0.574        5.649            0      324.494      118.827      195.120
      616        0.501        5.540            0      322.665      140.140      197.879
      617        0.556        5.567            0      324.984      135.023      203.334
      618        0.497        5.624            0      325.545      130.805      197.103
      619        0.548        5.606            0      325.365      139.080      197.710
      620        0.660        5.566            0      323.864      124.885      196.872
      621        0.677        5.627            0      323.924      110.569      196.365
      622        0.719        5.469            0      325.859      102.943      206.315
      623        0.703        5.592            0      326.260      105.712      201.495
      624        0.555        5.580            0      325.465      112.816      200.446
      625        0.759        5.692            0      326.302      114.415      199.001
      626        0.662        5.551            0      325.397      114.909      200.765
      627        0.612        5.482            0      323.686      124.606      199.692
      628        0.469        5.638            0      327.964      142.542      205.502
      629        0.514        5.599            0      325.112      131.852      204.000
      630        0.635        5.615            0      324.808      129.535      203.096
      631        0.682        5.495            0      323.845      125.389      202.938
      632        0.658        5.577            0      323.000      123.340      196.139
      633        0.619        5.583            0      328.354      136.193      202.022
      634        0.536        5.599            0      327.478      130.533      204.165
      635        0.826        5.616            0      325.120      128.209      203.385
      636        0.482        5.571            0      323.735      137.715      199.728
      637        0.537        5.534            0      324.591      131.228      201.790
      638        0.592        5.564            0      326.133      128.285      200.702
      639        0.616        5.593            0      326.184      129.377      196.545
      640        0.684        5.687            0      327.513      131.048      203.765
      641        0.676        5.603            0      324.999      118.107      200.734
      642        0.622        5.665            0      325.350      113.576      199.653
      643        0.702        5.639            0      325.133      113.304      199.821
      644        0.481        5.678            0      327.323      123.593      198.165
      645        0.441        5.582            0      322.253      105.749      195.082
      646        0.660        5.576            0      327.895      106.271      207.454
      647        0.499        5.620            0      324.048      124.078      193.273
      648        0.731        5.569            0      326.466      110.570      200.745
      649        0.653        5.659            0      326.933      110.808      199.737
      650        0.769        5.574            0      324.400      104.946      203.056
      651        0.614        5.562            0      326.478      104.974      203.084
      652        0.636        5.621            0      324.672       87.459      197.673
      653        0.630        5.537            0      325.028       87.530      198.743
      654        0.694        5.711            0      325.533       93.303      196.219
      655        0.561        5.609            0      325.548       88.308      207.402
      656        0.822        5.664            0      330.201       79.838      205.769
      657        0.631        5.596            0      327.021      120.717      201.612
      658        0.683        5.594            0      325.108      106.735      201.723
      659        0.616        5.572            0      323.065      109.844      202.244
      660        0.653        5.607            0      325.928      132.015      199.874
      661        0.510        5.553            0      322.279       94.546      198.440
      662        0.630        5.585            0      324.404      104.464      195.402
      663        0.607        5.621            0      324.005      114.907      197.315
      664        0.705        5.632            0      324.756      107.368      196.961
      665        0.611        5.612            0      324.237      125.749      200.173
      666        0.779        5.598            0      328.352      107.260      206.245
      667        0.595        5.521            0      321.933      118.672      198.132
      668        0.566        5.532            0      327.460      128.843      204.205
      669        0.655        5.651            0      325.426      110.545      197.829
      670        0.806        5.429            0      322.084      113.695      196.300
      671        0.589        5.666            0      324.894      108.766      199.788
      672        0.660        5.691            0      325.629      123.987      199.942
      673        0.590        5.609            0      324.733      104.221      201.381
      674        0.790        5.639            0      325.894      108.182      202.799
      675        0.695        5.629            0      325.814      120.676      196.548
      676        1.041        5.623            0      325.780      113.186      203.221
      677        0.868        5.584            0      324.455      106.676      207.154
      678        0.906        5.620            0      327.742       90.065      210.793
      679        0.787        5.632            0      327.208      104.841      207.372
      680        0.599        5.703            0      329.646      133.700      203.568
      681        1.019        5.623            0      327.288      132.360      206.624
      682        0.973        5.690            0      328.007      118.824      205.965
      683        0.964        5.664            0      327.652       90.736      204.113
      684        0.833        5.670            0      329.904       99.188      205.482
      685        0.828        5.531            0      328.465      101.153      208.574
      686        0.917        5.532            0      325.564       92.982      203.352
      687        0.955        5.711            0      328.995       98.065      204.900
      688        0.930        5.680            0      329.725      115.373      209.815
      689        0.847        5.633            0      325.098      114.776      206.613
      690        1.096        5.561            0      327.195      105.382      205.164
      691        0.895        5.668            0      327.797      101.150      204.499
      692        0.883        5.629            0      328.054       99.699      206.847
      693        1.049        5.614            0      326.122      112.726      204.785
      694        0.898        5.637            0      326.259       90.728      204.454
      695        0.787        5.638            0      325.560      112.998      200.357
      696        0.840        5.605            0      325.288      102.298      203.188
      697        0.750        5.669            0      328.397       94.354      206.553
      698        0.833        5.513            0      325.441       96.272      208.916
      699        0.684        5.668            0      325.384      145.349      191.508
      700        0.827        5.702            0      325.651      119.738      198.005
      701        0.747        5.580            0      325.363      112.570      203.663
      702        0.741        5.734            0      327.195      115.726      201.855
      703        0.839        5.539            0      325.399      103.065      206.248
      704        0.935        5.572            0      326.612      101.915      205.046
      705        0.767        5.637            0      327.033      125.477      201.593
      706        0.639        5.651            0      325.073      126.138      200.005
      707        0.743        5.631            0      326.154      129.975      205.518
      708        0.631        5.661            0      327.154      150.857      203.581
      709        0.622        5.622            0      326.872      139.183      205.787
      710        0.755        5.624            0      327.976      142.064      202.269
      711        0.679        5.579            0      323.225      129.293      201.335
      712        0.647        5.601            0      324.688      128.415      199.202
      713        0.780        5.638            0      325.403      131.912      201.469
      714        0.962        5.494            0      325.411      108.722      206.728
      715        0.920        5.714            0      328.039      115.256      204.873
      716        1.005        5.659            0      324.144      131.451      187.669
      717        0.760        5.570            0      324.121      134.830      200.098
      718        0.927        5.529            0      325.456      115.752      210.251
      719        0.927        5.584            0      325.332      105.537      205.610
      720        0.941        5.557            0      328.810       99.310      210.974
      721        0.778        5.520            0      324.357       99.399      200.644
      722        0.803        5.611            0      325.467      100.636      205.786
      723        0.890        5.544            0      326.288       98.838      207.534
      724        0.985        5.625            0      326.259      101.047      204.910
      725        0.808        5.576            0      326.944       95.115      206.759
      726        0.939        5.691            0      327.837      118.929      201.716
      727        0.668        5.623            0      326.273      123.119      204.266
      728        0.616        5.612            0      326.143      117.803      199.073
      729        0.849        5.594            0      325.176       86.231      207.479
      730        0.455        5.614            0      325.094      119.776      198.634
      731        0.457        5.589            0      322.860      116.262      197.206
      732        0.528        5.579            0      326.118      116.944      200.215
      733        0.675        5.610            0      325.320      124.364      195.948
      734        0.487        5.583            0      325.607      130.730      196.784
      735        0.576        5.605            0      322.785      123.147      194.058
      736        0.707        5.505            0      322.558      106.314      197.826
      737        0.614        5.609            0      324.764      124.150      192.696
      738        0.697        5.590            0      325.118      120.033      199.652
      739        0.502        5.585            0      323.436      117.155      192.760
      740        0.744        5.500            0      323.775      123.899      195.584
      741        0.678        5.509            0      323.799      130.646      194.394
      742        0.494        5.623            0      327.065      134.404      202.545
      743        0.444        5.577            0      322.281      120.191      194.956
      744        0.720        5.478            0      321.699      112.600      202.606
      745        0.600        5.558            0      323.159      126.455      194.552
      746        0.501        5.523            0      324.305      128.322      201.406
      747        0.494        5.592            0      324.702      133.674      199.304
      748        0.638        5.600            0      322.647      113.419      199.481
      749        0.590        5.644            0      326.496      139.838      199.751
      750        0.747        5.549            0      323.538      124.524      198.888
      751        0.614        5.636            0      324.668      116.273      198.657
      752        0.540        5.631            0      324.652      127.115      196.914
      753        0.749        5.631            0      326.062      130.166      190.688
      754        0.530        5.554            0      325.041      133.317      198.778
      755        0.754        5.552            0      320.605      116.831      196.193
      756        0.619        5.528            0      320.526      110.161      191.436
      757        0.557        5.536            0      324.345      128.399      202.124
      758        0.592        5.643            0      324.608      122.473      201.592
      759        0.598        5.528            0      325.628      134.151      200.618
      760        0.697        5.615            0      323.911      126.014      196.857
      761        0.511        5.668            0      326.520      126.905      195.908
      762        0.769        5.612            0      325.144      115.308      201.300
      763        0.506        5.572            0      323.527      115.590      197.726
      764        0.655        5.570            0      325.269      107.152      198.848
      765        0.587        5.595            0      324.550      115.337      192.948
      766        0.440        5.587            0      326.299      146.329      200.005
      767        0.623        5.634            0      323.503      118.403      199.256
      768        0.566        5.551            0      325.207      125.605      201.533
      769        1.123        5.577            0      326.171      108.613      207.309
      770        0.683        5.562            0      324.094      120.066      198.706
      771        0.673        5.640            0      324.896      110.980      197.369
      772        0.617        5.659            0      326.876      111.522      199.725
      773        0.441        5.584            0      325.226       91.891      202.890
      774        0.667        5.592            0      326.115      119.791      198.810
      775        0.598        5.513            0      324.115      129.345      197.393
      776        0.567        5.491            0      328.507      131.290      205.596
      777        0.668        5.599            0      322.838      130.704      198.061
      778        0.707        5.564            0      324.054      124.757      200.880
      779        0.820        5.551            0      326.426      106.419      208.468
      780        0.560        5.555            0      326.046      106.661      203.399
      781        0.618        5.704            0      324.801      132.348      190.584
      782        1.019        5.538            0      326.235      100.229      206.845
      783        0.995        5.540            0      326.383      115.354      205.642
      784        1.015        5.639            0      327.542      103.742      205.969
      785        0.927        5.589            0      326.311      104.977      203.213
      786        0.828        5.558            0      325.964       84.025      205.259
      787        0.774        5.550            0      325.374      114.010      204.732
      788        0.806        5.574            0      325.880      121.336      206.206
      789        0.729        5.561            0      326.722      122.136      205.360
      790        0.637        5.473            0      324.339      106.075      202.356
      791        0.629        5.601            0      325.509      121.440      201.463
      792        0.675        5.596            0      325.941      123.465      206.314
      793        0.641        5.493            0      322.798       97.064      202.457
      794        0.555        5.603            0      327.446      135.728      201.742
      795        0.778        5.525            0      323.108      120.052      206.011
      796        0.644        5.482            0      324.241      102.273      199.520
      797        0.706        5.519            0      323.700       99.138      201.409
      798        0.644        5.577            0      322.598      128.567      194.269
      799        0.843        5.552            0      326.006      122.101      205.909
      800        0.569        5.600            0      324.860      121.818      193.992
      801        0.664        5.488            0      324.628      114.647      203.646
      802        0.598        5.551            0      325.358      128.440      190.262
      803        0.770        5.548            0      322.889      134.596      204.608
      804        0.755        5.526            0      324.217      120.261      203.091
      805        0.771        5.597            0      325.303      123.156      202.345
      806        0.635        5.541            0      326.094      104.814      204.823
      807        0.759        5.728            0      326.987      121.316      201.239
      808        0.571        5.586            0      324.208      143.137      199.165
      809        0.897        5.570            0      325.190      116.332      206.310
      810        0.673        5.569            0      324.510      117.433      201.307
      811        0.534        5.622            0      324.448      111.486      198.410
      812        0.742        5.582            0      327.325      113.776      203.741
      813        0.795        5.536            0      324.062      110.143      202.586
      814        0.737        5.610            0      326.013      114.023      206.738
      815        0.833        5.611            0      323.787      114.127      198.747
      816        0.671        5.585            0      325.445      109.919      201.933
      817        0.688        5.618            0      324.217      110.240      200.944
      818        0.688        5.583            0      326.041      114.591      200.471
      819        0.708        5.619            0      324.523      106.034      198.088
      820        0.797        5.476            0      323.388      108.461      200.456
      821        0.667        5.664            0      325.894      105.715      199.288
      822        0.694        5.672            0      328.198       99.408      207.231
      823        0.674        5.703            0      325.315      125.082      200.594
      824        0.688        5.577            0      325.014       98.100      201.864
      825        0.716        5.676            0      325.485      101.508      202.640
      826        0.876        5.610            0      327.523       91.020      210.403
      827        0.648        5.563            0      326.275       85.494      198.614
      828        0.658        5.556            0      325.435      111.504      204.999
      829        0.654        5.465            0      323.341      104.605      200.592
      830        0.721        5.584            0      325.791      100.904      204.572
      831        0.671        5.604            0      327.345      104.179      203.187
      832        0.475        5.576            0      323.229      119.766      200.451
      833        0.941        5.452            0      322.882      120.363      205.068
      834        0.955        5.525            0      326.885      105.757      207.753
      835        0.972        5.591            0      326.902       99.675      206.738
      836        0.552        5.499            0      320.883      126.563      194.835
      837        0.534        5.679            0      327.117       74.051      201.962
      838        0.714        5.645            0      325.584       93.080      200.178
      839        0.824        5.596            0      322.400      118.871      201.159
      840        0.599        5.527            0      322.945      106.227      197.174
      841        0.774        5.659            0      325.331      123.883      203.923
      842        0.811        5.604            0      325.146       88.246      203.734
      843        0.718        5.604            0      328.976       77.092      203.582
      844        0.885        5.536            0      327.819       70.104      209.197
      845        0.711        5.491            0      323.652       71.644      195.433
      846        0.858        5.460            0      323.335       71.488      205.346
      847        0.527        5.594            0      325.264      100.665      199.612
      848        0.916        5.578            0      326.577       71.777      205.305
      849        0.860        5.629            0      326.545       76.199      202.893
      850        0.713        5.597            0      324.574       81.617      199.698
      851        0.377        5.616            0      325.107      106.470      195.753
      852        0.914        5.635            0      328.181       65.738      200.258
      853        0.968        5.639            0      327.331       82.153      200.513
      854        0.742        5.553            0      325.578       85.872      201.097
      855        0.629        5.561            0      326.398       96.010      201.310
      856        0.727        5.692            0      326.125       99.528      201.670
      857        0.824        5.480            0      324.838       91.993      207.848
      858        0.746        5.726            0      325.969      113.264      202.058
      859        0.819        5.585            0      323.670      125.080      199.863
      860        0.775        5.527            0      326.006      124.684      210.010
      861        0.804        5.630            0      328.223      137.580      202.403
      862        0.652        5.620            0      324.321      114.190      194.758
      863        0.648        5.554            0      323.602       94.971      201.513
      864        0.706        5.557            0      324.475       90.425      200.567
      865        0.690        5.640            0      327.615      126.609      199.538
      866        0.719        5.560            0      326.141      107.855      203.031
      867        0.560        5.589            0      324.716       96.829      203.072
      868        0.713        5.668            0      327.409      101.465      204.071
      869        0.741        5.603            0      325.805       93.690      201.302
      870        0.836        5.537            0      325.656      105.857      209.242
      871        0.472        5.586            0      326.140      125.688      199.585
      872        0.750        5.561            0      324.133       89.730      201.372
      873        0.995        5.469            0      326.774       64.094      206.196
      874        0.790        5.525            0      325.559       81.991      201.452
      875        0.711        5.508            0      323.405       89.548      205.918
      876        0.656        5.536            0      324.997      109.383      201.861
      877        0.763        5.452            0      324.549       74.100      200.278
      878        0.461        5.498            0      322.636       97.773      197.205
      879        0.635        5.492            0      324.250       75.238      200.132
      880        0.543        5.634            0      324.666      108.176      196.489
      881        0.568        5.561            0      326.918      108.957      200.886
      882        0.575        5.558            0      327.288      126.705      202.140
      883        0.579        5.600            0      324.693      117.896      203.588
      884        0.459        5.556            0      322.257      107.367      193.158
      885        0.674        5.551            0      325.233      100.173      204.050
      886        0.751        5.467            0      323.297       84.663      203.498
      887        0.607        5.553            0      325.043       89.967      204.386
      888        0.782        5.557            0      325.550       85.906      205.992
      889        0.770        5.652            0      329.673       90.113      203.455
      890        0.626        5.487            0      323.356       92.979      200.617
      891        0.744        5.572            0      327.151       71.765      209.184
      892        0.551        5.634            0      326.579       98.736      204.355
      893        0.548        5.637            0      325.272       97.863      198.014
      894        0.479        5.594            0      326.811      109.989      204.453
      895        0.567        5.572            0      323.151       99.149      202.344
      896        0.546        5.609            0      325.291       98.234      204.558
      897        0.540        5.500            0      325.813      108.657      201.101
      898        0.725        5.609            0      323.799      102.184      200.481
      899        0.695        5.481            0      323.785      110.775      206.055
      900        1.096        5.409            0      324.412       62.106      204.754
      901        0.784        5.604            0      323.908      108.169      201.629
      902        0.695        5.506            0      325.121       81.137      206.312
      903        0.704        5.541            0      326.320       95.139      202.325
      904        0.714        5.518            0      322.091      136.534      194.836
      905        0.758        5.601            0      325.803       99.988      202.563
      906        0.705        5.545            0      323.840      117.074      201.134
      907        0.702        5.660            0      324.783      127.922      201.123
      908        0.864        5.578            0      324.469      147.355      197.670
      909        0.708        5.600            0      322.559      137.068      195.903
      910        0.834        5.617            0      324.482      127.164      195.594
      911        0.394        5.538            0      324.220      124.201      197.329
      912        0.668        5.637            0      325.820      116.048      199.007
      913        0.647        5.568            0      322.386      122.047      198.873
      914        0.864        5.591            0      324.780      134.583      200.723
      915        0.542        5.577            0      325.193      114.205      204.685
      916        0.758        5.596            0      324.099      128.348      198.458
      917        0.661        5.613            0      327.623      115.290      205.380
      918        0.653        5.585            0      325.020      113.440      201.889
      919        0.600        5.585            0      325.378      121.191      194.682
      920        0.673        5.631            0      324.339      113.996      200.569
      921        0.784        5.654            0      326.115      106.182      200.794
      922        0.784        5.616            0      328.190      101.115      206.186
      923        0.734        5.529            0      327.623       87.392      201.838
      924        0.474        5.587            0      324.978      100.553      199.008
      925        0.701        5.601            0      324.422      102.871      200.322
      926        0.670        5.593            0      324.930      108.672      201.077
      927        0.706        5.591            0      327.672       97.490      200.540
      928        0.721        5.624            0      324.333      114.958      200.315
      929        0.854        5.608            0      325.062      120.508      204.467
      930        0.628        5.556            0      322.714      122.919      196.897
      931        0.680        5.560            0      323.518      125.000      197.418
      932        0.543        5.603            0      325.491      149.784      192.291
      933        0.624        5.600            0      325.512      135.664      200.667
      934        0.615        5.598            0      323.438      101.549      198.924
      935        0.849        5.542            0      326.536      116.050      205.260
      936        0.715        5.551            0      322.598      128.009      198.807
      937        0.867        5.500            0      323.479      138.394      198.392
      938        0.788        5.643            0      325.315      118.034      202.779
      939        0.671        5.522            0      324.216      102.500      198.145
      940        0.672        5.556            0      327.142      121.537      201.843
      941        0.761        5.469            0      324.035      124.794      208.584
      942        0.703        5.624            0      326.735      125.597      203.850
      943        0.668        5.567            0      323.211      102.555      199.226
      944        0.607        5.625            0      324.619      121.495      200.399
      945        0.683        5.610            0      323.343      121.756      197.075
      946        0.722        5.587            0      322.655      121.223      195.481
      947        0.643        5.610            0      327.049      154.629      201.180
      948        0.596        5.599            0      328.224      133.238      202.638
      949        0.722        5.643            0      323.859      147.289      201.353
      950        0.681        5.575            0      326.539      137.093      208.170
      951        0.839        5.701            0      327.023      133.870      202.299
      952        0.737        5.549            0      326.222      141.785      207.171
      953        0.820        5.663            0      329.869      125.677      207.353
      954        0.757        5.580            0      323.751      139.001      196.683
      955        0.511        5.479            0      322.797      127.182      198.670
      956        0.495        5.576            0      324.559      104.767      199.220
      957        0.709        5.691            0      324.747      115.570      191.981
      958        0.733        5.470            0      324.516      119.879      204.700
      959        0.787        5.635            0      325.394      116.617      198.089
      960        0.567        5.624            0      327.293      143.384      203.745
      961        0.566        5.502            0      324.633      120.338      197.662
      962        0.712        5.591            0      325.112      124.197      194.893
      963        0.719        5.437            0      326.115      108.463      203.189
      964        0.788        5.463            0      322.418       95.967      201.166
      965        0.713        5.567            0      325.888       90.546      204.021
      966        0.497        5.617            0      327.562       88.619      197.194
      967        0.940        5.699            0      330.464       84.643      210.617
      968        0.521        5.579            0      325.924      120.812      199.124
      969        0.515        5.531            0      323.066      123.617      198.065
      970        0.745        5.673            0      324.534      109.615      196.478
      971        0.607        5.735            0      327.226      124.094      195.475
      972        0.714        5.637            0      325.138      106.082      207.505
      973        0.643        5.705            0      328.859      129.284      203.359
      974        0.672        5.584            0      326.990      132.430      203.295
      975        0.847        5.757            0      329.617      116.665      203.444
      976        0.810        5.598            0      327.934      114.437      206.173
      977        0.873        5.491            0      324.472      129.151      205.303
      978        0.704        5.575            0      323.669      119.988      201.255
      979        0.780        5.667            0      327.209      136.010      202.667
      980        0.745        5.583            0      324.764       87.271      205.473
      981        0.842        5.660            0      328.501       81.349      207.015
      982        0.866        5.529            0      327.459       69.603      211.009
      983        0.631        5.573            0      322.242       78.417      206.122
      984        0.719        5.421            0      322.232       83.264      204.193
      985        0.704        5.508            0      324.759      105.479      204.604
      986        0.585        5.544            0      326.549       92.370      200.285
      987        0.668        5.715            0      326.847       95.406      202.986
      988        0.715        5.490            0      323.383       77.209      200.688
      989        0.547        5.620            0      328.602      101.123      202.506
      990        0.788        5.595            0      327.913       82.455      208.066
      991        0.988        5.649            0      328.346      104.885      200.271
      992        0.805        5.668            0      327.216       94.110      208.243
      993        0.982        5.526            0      325.778       68.019      209.589
      994        0.668        5.491            0      324.765       80.038      199.846
      995        0.513        5.588            0      324.108      102.480      201.542
      996        0.627        5.514            0      326.033       86.626      201.000
      997        0.613        5.596            0      325.858       94.593      200.554
      998        0.892        5.642            0      324.258      107.495      204.629
      999        0.715        5.627            0      324.788       91.736      201.543
     1000        0.555        5.502            0      323.856       92.921      203.774
