## Torsion are defined with the following atomIDs:
# dihed1: ai= 6428 aj= 6429 ak= 6430 al= 12551
# dihed2: ai= 6410 aj= 6409 ak= 6408 al= 6407
# dihed3: ai= 6427 aj= 6411 ak= 6412 al= 6413
# dihed4: ai= 6412 aj= 6413 ak= 6414 al= 6416
# dihed5: ai= 6413 aj= 6414 ak= 6416 al= 6417
# dihed6: ai= 6414 aj= 6416 ak= 6417 al= 6418
# dihed7: ai= 6416 aj= 6417 ak= 6418 al= 6419
# dihed8: ai= 6417 aj= 6418 ak= 6419 al= 12543
# dihed9: ai= 6419 aj= 6418 ak= 6420 al= 6421
# dihed10: ai= 6422 aj= 6423 ak= 6424 al= 12546
# Frame#   dihed1   dihed2   dihed3   dihed4   dihed5   dihed6   dihed7   dihed8   dihed9  dihed10
0  -35.397   -4.452   -8.773  178.024 -179.016  -68.532  -60.149   83.070  154.432 -166.952
1  -48.044  -39.741  -37.581 -178.981  164.210 -120.540  -57.864   44.335  -94.592   -2.329
2  -44.199  -10.877  -13.286  174.210  177.091 -154.308  -62.707   80.770  -83.805    7.833
3  -33.962  -16.264  -16.541  170.553  173.493 -123.091  -60.258   61.612  -96.582  -15.986
4  -28.101  -16.395  -51.877 -176.447  179.549 -125.554  -75.190   39.623 -100.749   -2.600
5  -35.486  -29.208  -28.128  176.087  167.228 -141.330  -60.747   76.116  -79.242    3.298
6 -101.250  -80.330  -14.244 -166.353  168.336  161.275  -51.571  -54.391    1.445   11.936
7  -53.781   -6.031  -28.238 -178.935  175.296 -159.075  -60.637   84.876  -90.928    4.616
8  -95.369   -6.151  -15.203 -159.478  164.437  177.985  -49.993   38.090  -49.658   11.080
9  -31.016  -34.467  -37.701 -160.483  177.545 -145.543  -51.603   72.430  -88.307   -7.491
10  -66.443  -55.170  -41.313 -161.542  174.895 -120.571  -84.252   58.676  -96.027   34.828
11  -14.718   17.252  -12.987  171.487  159.453 -179.681  -51.068   68.680  -57.359    0.786
12  -28.976  -17.217  -30.732 -176.833  178.389 -129.945  -69.801   44.551  -75.888   -6.353
13  -22.584  -17.962  -30.723  177.805  166.119 -137.511  -66.279   46.050 -101.345   22.150
14  -44.834   -5.558  -35.067 -171.066  179.264  175.246  -58.940   24.088  -62.710  168.235
15  -16.333   -3.069  -50.571 -179.144  173.364 -146.620  -62.766   64.048  -67.026  157.195
16  -12.545    0.219  -32.613 -179.822  155.578 -145.509  -58.409   46.228  -61.386 -175.773
17  -20.875   26.766  -28.997 -175.037  175.512 -162.652  -72.411   60.310  -66.484   24.138
18  -38.541   29.079  -33.828 -155.062  168.554 -163.662  -61.661   53.671  -59.231   11.242
19  -52.576   -3.317  -12.611  157.517  167.365 -126.641  -64.668   56.402  -95.442   -3.142
20  -39.398   -6.908  -35.281 -175.598 -178.337 -149.886  -73.561   55.521  -60.258   -6.282
21  -26.049  -23.378   -5.957  160.320 -178.258 -151.663  -71.345   78.131  -69.610   10.983
22  -57.059  -35.957  -22.672 -179.548  169.168 -134.638  -75.373   32.674  -77.172    3.215
23   19.132  -88.431    6.855 -171.027  171.361 -175.203  -55.591   10.586  -78.180   16.559
24  -46.283  -80.795  -26.825  179.478  174.313 -122.617  -68.373   50.143  -74.027  -24.288
25  -78.541  -51.911  -17.832 -165.962  177.843 -165.518  -59.960   47.991  -47.305    9.606
26  -75.581  -77.600  -38.078 -152.331  169.450 -120.816  -61.339   25.344 -115.488    7.436
27    4.849  -61.542  -53.465 -149.058  171.113 -108.272  -59.052   54.007 -108.834   10.427
28   -7.316  -79.555  -25.215 -177.434  177.203 -113.955  -77.169   36.748  -82.158   -0.981
29  -10.791  -83.442    2.422  153.274  170.529  -97.249  -64.940   32.478  -84.911   -7.110
30  -81.259  -72.428  -18.539  177.488  173.065  -63.087  -70.190   10.372  -64.378    3.154
31  -64.666  -66.568  -22.020  177.220 -179.230  -79.368  -61.736   28.026  -96.735  -16.767
32    3.329  -72.748  -15.632  166.274  176.970  -79.615  -76.003   33.339  -54.102  -12.394
33  -52.298  -36.315  -20.015  164.236  175.828  -81.358  -63.801   31.664 -101.607   28.679
34   -8.267  -82.361  -18.422  170.422  173.574  -80.160  -66.333   53.140  -72.706   -1.918
35  -87.600  -78.722  -10.277 -163.172 -177.549 -118.704  -78.385   50.105  -79.321  -11.100
36  -79.395  -86.055  -27.505 -163.289  168.426 -121.401  -59.686   43.711 -133.112   -1.391
37  -36.543  -93.730  -18.379  179.698  177.231 -158.973  -56.478   51.393  -48.913  159.906
38  -22.885  -90.290    1.246 -157.605  179.870  178.503  -64.156   57.925  -75.334  -17.320
39  -11.456  -78.340  -14.129 -168.008  179.264  176.444  -52.924   57.026  -46.476   14.275
40  -13.813  -89.848   -5.397 -164.597 -179.525 -168.931  -57.420   52.156  -39.904    0.388
41    8.175  -74.396  -21.743 -179.230  179.221  -92.078  -57.245   10.167 -117.926 -176.216
42  -13.661  -97.375  -24.609 -172.298 -173.713 -136.882  -63.549   35.112  -83.465  -14.491
43    0.923  -78.354  -21.262  179.585  171.669 -113.820  -68.298   60.263  -79.672    5.386
44   -7.368  -91.095  -11.942 -169.648  174.162 -132.466  -65.252   29.284  -60.787   14.627
45  -85.117  -82.278  -15.536 -150.169  175.187 -163.487  -57.560   54.455  -54.484   -4.021
46  -47.273    9.894  -28.863  151.891  165.980 -109.385  -61.075   65.297  -67.360  -14.598
47  -74.575  -64.924  -29.712 -165.908  168.326 -145.756  -60.786   79.338  -48.478   -7.888
48  -28.027  -82.204  -26.099 -156.004  177.728 -162.799  -61.176   35.604  -93.784  166.795
49  -91.166  -83.362   -9.355 -176.576  175.190 -159.225  -51.572   46.081  -40.616  166.242
50  -83.375  -68.831   -9.422 -179.063 -174.343 -156.013  -58.443   68.128  -58.301 -169.879
51  175.114  -95.156  -31.710  174.395  176.021  -89.174  -64.093   31.709 -110.981   -1.441
52  -94.006 -105.820  -15.641 -176.239  170.846 -113.103  -65.074   74.278  -74.928   14.988
53  -19.769 -107.197  -29.538 -179.687  173.510 -101.391  -67.927   56.551  -96.279    8.480
54  -55.994  -93.007  -17.870  172.747 -175.792  -92.690  -59.123    5.619  -98.085  -11.750
55  -74.937  -57.830  -16.783  170.469  167.421  -84.011  -62.485   39.477 -114.816   -4.458
56  -28.003  -86.620  -11.497 -162.619 -176.385 -160.468  -59.548   59.637  -53.456   25.481
57  -51.644  -99.136  -10.018  171.197  170.899  -92.237  -54.066   19.604 -101.453   -5.393
58  -19.534  -86.287   -4.571 -165.474 -178.546  167.630  -48.874   59.483  -42.631   49.689
59   -0.512 -103.804    4.784 -179.488  166.839 -161.882  -49.022   63.132  -62.387 -173.908
60  -16.703  -96.195   -0.465 -169.701  164.053 -123.236  -64.614   54.817  -73.740   10.292
61  -13.399  -67.503  -17.100 -167.179  168.591 -128.612  -58.026   45.375 -105.797   -5.354
62  -33.854  -88.517  -14.415 -168.344  173.602  -81.416  -53.673   39.570 -103.590   37.712
63    0.745  -71.623  -21.318 -164.101 -176.233 -157.592  -60.796   47.393  -77.131   19.667
64  -73.847  -78.572  -18.489  176.238 -179.576 -136.536  -65.448   62.999  -54.310  -15.738
65   -2.333 -108.440   13.770  162.336  174.829 -162.247  -42.175   32.729  -56.189 -156.062
66   11.451 -109.348  -17.180 -157.195 -170.675 -148.460  -72.691   56.955  -57.086   12.086
67  -28.699  -97.348   -1.022  167.409  176.323  -82.795  -69.522   24.304 -113.913  -13.114
68    7.364 -104.099   -1.705 -173.642  164.335 -137.483  -56.542   61.402 -100.695   -5.366
69   10.891  -99.973  -26.736 -159.568 -178.333  -96.666  -62.008   61.752 -115.114   15.977
70  -30.834  -71.353    6.908  169.272  173.433  -66.306  -49.254   34.479 -143.098  -26.129
71   -5.488 -109.265  -10.747 -161.747 -179.311 -163.427  -70.401   62.599  -78.056  -15.928
72   13.429 -101.048   -5.696 -164.759 -178.597 -157.687  -60.333   20.621  -77.677   28.956
73   -7.129  -94.666  -53.803 -138.263  168.467 -137.234  -54.061   55.086 -114.790  -29.259
74   21.409 -101.432  -12.387  173.688  178.523 -138.860  -58.225   49.860  -84.552   -9.588
75  -12.026 -101.141  -28.527 -171.547 -177.980 -138.702  -68.318   87.027  -73.354   54.340
76  -29.812 -115.047  -21.559 -154.604 -178.183  178.879  -55.392   69.187  -30.828  -10.902
77   -4.278  -86.067  -10.125 -164.356  166.648 -164.186  -58.842   51.687  -52.616  -19.304
78   -2.804  -98.170  -38.010 -167.915  175.421 -118.089  -52.502   23.730 -101.847  139.642
79   -7.584  -96.835  -30.700 -142.012 -174.293 -169.793  -48.419   37.940  -49.800  179.786
80   -3.104  -94.309  -39.990 -153.553  175.612  174.908  -54.879   57.262  -46.973   -4.832
81   21.983 -105.663  -39.280 -159.846  178.763 -147.685  -62.708   55.531  -73.107    8.410
82  -20.013  -80.972   -1.449 -179.797 -177.726 -152.651  -72.167   40.697  -77.964   19.474
83  -21.357 -110.688   -3.685 -145.647  176.045  162.311  -49.848   63.094  -53.102   -8.179
84   -0.496  -93.829  -26.394 -174.777  174.708 -134.253  -66.793   53.006  -97.721    8.220
85  -49.661  -78.381  -13.255 -161.304 -171.118 -140.707  -61.563   43.798  -91.156   -9.760
86  -18.369  -88.120    2.717  178.963  172.641  -98.705  -46.084   26.530 -127.524  -15.809
87    3.056  -77.764   -1.346  174.068  177.777 -163.211  -52.723   55.831  -67.388   -4.515
88   -9.356 -113.772  -13.354 -175.887  179.359 -155.033  -62.147   67.681  -56.234   -1.560
89  -11.466  -98.037  -24.479 -162.741 -174.974  -89.138  -64.141 -163.530 -116.489    8.267
90   17.343  -80.792  -25.177 -150.921  173.889 -178.684  -45.089   48.559  -57.071    0.697
91    5.817 -100.294  -15.043 -175.929 -179.303 -158.044  -61.647   46.464  -77.432  174.463
92   -5.850 -112.082  -33.714 -173.042 -172.169 -153.904  -66.643   64.089  -71.265  -10.837
93   -9.774  -87.425   -4.576  173.462  174.776 -108.959  -68.178   32.927 -103.026   23.543
94   -4.891  -92.946  -33.284 -167.309  175.974 -142.979  -55.840   56.879  -39.420    9.590
95    0.801  -95.836  -16.915  171.539  171.553 -114.863  -63.663   36.948  -93.802   -1.075
96  -13.599  -77.855  -43.243  165.111 -178.970  -79.876  -54.446    6.908  -26.484  -30.886
97  -36.645  -89.338  -25.224  167.497  174.287 -108.245  -65.124   92.613  -55.435   21.116
98  -23.023  -91.011    0.176 -173.036  172.080 -148.717  -50.018   41.738  -94.556   22.177
99  -13.037  -79.082   -8.383  177.617  179.713 -163.723  -55.162   59.512  -71.370   10.442
100  -19.220  -96.669   -5.056 -167.865 -179.568  -48.345  -40.324   74.522  155.056    4.033
101    0.150  -89.696  -42.644 -156.457  171.468  -62.057  -52.210   22.982 -143.321   11.627
102  -29.429  -99.409  -34.348 -163.883 -174.866 -130.176  -74.712   59.369  -76.000    6.177
103    1.180  -96.859  -14.505 -148.071  173.492 -176.634  -47.444   31.812  -96.082   29.858
104   -3.363  -91.992   22.463  162.627  166.689  -67.511  -49.362   29.615  156.692   -2.276
105  -16.221  -92.653   -4.721  154.802  170.242  -72.982  -56.366   28.935 -133.152   29.575
106   -3.261 -121.724    9.362 -175.845 -178.825  -88.169  -52.292   25.056 -176.777  173.131
107   -6.429  -77.287  -13.621  175.455  179.940  -66.521  -45.190   58.788  164.480   -7.144
108  -46.011  -83.446  -27.392  171.838 -170.665  -80.710  -56.728   29.139 -107.709   14.707
109 -118.731  -85.476    9.557  172.489  168.504   71.619  -58.198  -10.555   89.059  -28.466
110  -43.977    4.476  -17.496 -154.400  168.841  157.254  -46.152   47.145  -48.516  -15.637
111  -14.886  -96.819  -15.601 -176.877  170.948 -163.551  -47.645   13.377  -61.644   -5.578
112   -2.506  -76.709   -1.433  152.907 -178.762 -110.888  -77.523   55.576  -57.290   -1.929
113  -13.023  -75.770  -18.002 -151.111  174.821  152.008  -49.712   67.668   -2.422   16.290
114   -9.617  -73.470  -17.208 -172.059 -177.750  -87.970  -64.928   51.451  -55.474   25.058
115  -18.051  -84.768  -10.274  161.337 -173.660 -105.581  -70.801   28.611  -58.431 -155.210
116 -176.956  -79.042  -12.614  156.444 -178.283  -74.833  -57.057   53.350  -63.255  159.092
117   22.397  -82.766  -19.501 -178.194  165.531  -81.046  -54.079   22.671 -110.559   -6.542
118   -5.862  -87.769   -7.960  169.463 -174.062  -83.279  -67.433   58.797 -109.013   32.180
119  -28.025  -82.485  -12.084  168.773  177.878  -91.572  -59.347    7.371  -74.926 -177.972
120  -58.925  -48.559  -21.734  172.386  177.469  -74.633  -36.125   49.715 -177.546 -172.896
121  -32.052  -92.582  -41.331  172.302  176.124  -45.138  -66.861   42.589 -125.146   20.482
122  -66.488  -99.207  -42.990 -160.440 -178.868 -103.905  -54.167   -3.698 -121.439  -13.017
123   -8.420  -83.808  -25.933 -149.824  174.824 -152.750  -65.289   53.595 -109.090    8.953
124   10.527  -61.497  -34.774 -168.237 -179.434  -92.106  -67.084    3.382 -134.997  -15.059
125    2.721  -75.197  -20.330 -153.930  167.470 -152.889  -58.601   61.476  -61.569  -22.099
126  -11.122  -83.121   -9.244 -161.758  173.665 -164.222  -57.270   59.922  -62.208 -168.671
127    2.508  -94.616  -27.361 -168.591 -177.066 -144.346  -49.661   53.314 -102.464   -5.207
128   -3.056 -109.243  -17.753 -165.755  168.514  -85.453  -69.042  169.291 -100.139  173.665
129   11.207 -110.599  -22.203 -154.019  178.706  -91.017  -58.911   35.406  146.896    7.678
130    1.827  -94.916  -34.155 -165.144  173.502  -67.718  -61.447   31.000 -114.877  -18.001
131  -17.804  -93.564  -21.446 -166.028  174.536  -88.434  -65.105   55.618  -86.378   14.253
132    9.098  -83.081  -31.030 -157.340  177.307 -156.490  -47.048   43.782  -52.065  -12.043
133    4.843  -93.997   -9.099  175.879  171.487 -137.186  -66.006   52.454  -76.806   -2.158
134   16.428 -101.589  -39.756 -168.156 -174.593 -109.585  -55.129   46.111  -95.537 -175.381
135  -11.816 -108.864  -15.362  171.486 -179.316  -62.762  -59.054   21.076 -109.340   17.670
136  -37.572 -102.122  -30.286 -166.190  175.402  -76.097  -58.183   52.142 -126.998  -23.765
137   -2.931 -100.242  -13.199 -175.759  176.369  -91.216  -53.776   21.136 -117.048  -22.702
138    7.652  -99.579  -28.140 -163.057  169.323  -86.592  -60.676   32.985 -106.886 -153.876
139  -16.101  -92.207   -8.353 -173.759  178.448 -138.363  -65.013   54.573  -58.488 -170.619
140   -6.601  -81.880    2.627  159.724 -171.038 -122.674  -53.779   21.654  -85.138 -157.325
141   -8.301 -105.917  -24.230 -171.301 -171.275  -91.852  -64.288   49.064  -65.663 -153.225
142   -2.036  -93.041  -36.247 -158.521 -169.544  -68.938  -68.892   78.917 -125.095   -0.839
143  -10.848 -101.052  -21.128  173.062 -172.526  -69.084  -64.497   47.771 -117.321  -10.949
144  -15.626 -100.824  -53.650 -155.686 -179.825 -104.080  -52.575   33.737  -92.361  -16.089
145  -76.854  -93.765  -25.341 -168.699  166.437 -111.684  -70.500   77.523  -54.737   18.074
146  -42.573  -86.325   -5.827 -165.587  176.089 -161.959  -34.157   37.493  -57.031    6.464
147  -21.052 -105.150  -20.153 -167.276 -169.954 -120.234  -56.585   45.101  -90.498   15.581
148   -5.313  -90.421  -13.268 -161.344 -177.811  -85.382  -61.326   81.322 -120.396   24.813
149    0.958  -88.727  -12.132 -176.259  179.470  -86.941  -41.960   41.450 -139.353   34.836
150  -18.382 -105.033  -10.698 -174.340  175.994 -149.421  -48.404   29.575  -52.340    5.180
151   -1.843  -98.834  -11.474 -174.756 -178.227  -67.007  -67.365   59.815 -112.297   12.932
152   -4.277  -93.228    1.687  168.248 -177.515 -143.515  -61.067   46.616  -79.229   -7.244
153    8.878  -86.244    1.021  162.215 -170.878  -65.316  -55.632   68.925 -138.089  -26.930
154  -17.033 -105.475  -36.928 -150.214 -170.666 -151.586  -61.200   34.433  -51.940    8.801
155   -5.033 -105.107  -17.989 -161.689 -176.742  173.370  -47.910   63.647  -31.534   35.027
156  -12.985 -102.443    4.669  175.691  179.461  -73.763  -49.905   62.538 -143.703    4.396
157   -8.631  -94.384  -10.083  178.458 -161.011 -114.788  -69.679   33.840  -87.533   -5.277
158  -17.672  -78.788  -34.073 -167.553 -172.386  -86.246  -46.354   51.006 -134.379   25.236
159  -10.341  -96.392  -18.265  165.214 -175.750  -57.664  -56.110   85.617 -152.772  161.703
160  -12.855 -107.815    3.267  170.699 -165.448  -67.276  -43.438   96.189 -148.329 -172.962
161  -15.190  -87.190  -17.741  179.993 -177.894  179.235  -61.065  -58.886  -16.903 -166.884
162  -29.215  -90.172  -12.145 -171.391 -164.836 -170.653  -57.436   74.360  -28.040  162.002
163  -11.386 -109.377  -20.927 -150.549 -170.594  -82.288  -56.156   81.689 -161.670  179.492
164   -5.791  -93.439  -12.940 -161.759 -179.547  -84.778  -57.152   99.827 -126.965  175.883
165  -10.965  -91.927  -15.210  173.376  178.285 -155.626  -55.739  100.145  -29.668 -154.247
166   -5.599 -102.215  -10.302 -177.342 -172.682  -84.600  -47.335   26.786 -151.063  154.975
167  -12.907  -57.125  -44.192 -174.676 -174.244  -88.974  -69.621  175.471  -72.754  173.025
168  -11.324  -75.683  -37.884 -168.167 -163.126 -100.671  -51.815  154.865 -103.562    8.389
169   -3.228  -68.560  -13.860  168.771 -164.402  -95.450  -44.923   49.615 -127.428 -176.119
170    3.366  -96.178  -26.904 -177.321 -172.382 -133.538  -70.851   55.510  -77.995  155.900
171   -9.985  -90.496  -32.506 -165.477 -172.053 -153.637  -63.487   50.400  -66.787 -149.828
172  -19.560  -87.702  -39.663 -147.126  176.718 -162.284  -48.902   56.740  -57.704   38.345
173   -4.121  -83.443  -21.759 -164.996 -174.833  -92.991  -49.239   43.931 -116.629   16.539
174  -20.544  -90.693  -20.433  177.066 -176.518  -75.788  -57.122   34.307 -130.210   13.364
175  -11.189 -106.741   -8.640  172.988 -161.714  -69.052  -42.688   60.137 -142.217    1.151
176  -21.375  -90.164  -22.131 -161.422 -178.182  -82.492  -47.721   76.665 -146.630 -133.220
177   -8.728  -90.605  -26.792 -164.850 -166.223  -87.596  -47.093   62.102 -112.313   17.420
178  -13.183  -85.207  -34.173 -159.615 -172.220 -140.957  -60.231   42.125  -61.227   -6.083
179   -2.058 -110.951  -44.110 -175.411 -178.858 -133.135  -72.714   69.356  -49.180    6.389
180    9.322  -97.890   -8.216  176.406 -175.813 -131.429  -72.163   17.965  -90.533  -21.037
181    5.744  -72.817  -37.675 -172.817  179.491 -103.384  -68.482   52.314  -75.181   -3.869
182    2.368 -107.754   -6.965  177.059  179.042  -70.430  -60.013   34.866 -139.980  -33.998
183   14.086 -113.308  -30.969 -161.632  176.709 -121.527  -75.614   63.485  -67.892 -155.879
184  -29.288 -102.466  -17.767 -179.949 -174.716  -62.535  -51.324   73.996 -129.909   26.774
185  -11.319  -97.114  -16.138  176.212 -177.188  -90.160  -55.743   64.501 -119.776   -5.225
186  -49.312 -115.414  -20.592 -153.077 -173.681  -80.534  -48.015   87.498 -147.091    2.060
187   -4.505 -117.042  -37.239 -167.100 -174.893  -85.118  -67.912   48.870  -94.057  -26.408
188   -5.663 -117.487   -5.847 -173.727 -164.495  -93.727  -43.162   71.125 -148.214   -2.654
189  -33.092  -98.089  -18.876 -160.741  176.076  -56.750  -81.168   65.930 -179.967    3.068
190  -14.169  -64.433  -21.523  172.480  172.798 -123.441  -67.568   66.436  -59.390 -167.801
191  -13.852  -91.355   -8.193 -173.671 -176.015 -161.447  -58.651   63.053  -54.089    9.003
192  -39.805 -100.843  -23.970 -155.897 -178.190 -161.522  -51.967   45.838  -65.314  -20.261
193  -13.247  -91.138  -35.624 -150.388  171.698 -145.610  -50.612   41.953 -110.817   -3.336
194    1.160 -105.630  -27.449  179.163 -177.397 -141.203  -61.307   52.545  -95.728   14.223
195   -1.334  -91.209  -32.679 -153.226  179.829 -167.346  -44.406   62.409  -41.348  -27.384
196  -13.883 -104.100  -30.201 -177.618 -177.541 -140.856  -60.541   60.342  -28.495    2.623
197  -27.756  -88.761  -11.760 -157.707  176.279 -161.379  -64.813   49.196  -46.634    6.320
198  -24.688 -105.519  -29.187 -167.181  174.359 -179.414  -50.415   82.799  -36.729  -37.581
199   -4.316 -107.328  -22.387 -178.893 -175.099 -149.025  -61.741   60.996  -66.695    2.250
200    0.497 -106.574  -17.268 -168.482  178.826 -168.557  -63.817   58.011  -56.453  -11.668
201  -19.958  -85.771  -19.724 -177.821  170.180 -115.874  -64.222   50.577  -74.623   14.812
202   -8.856  -98.699  -19.717 -171.420 -179.611 -149.353  -65.170   54.071  -51.850    5.916
203    7.870  -96.680  -38.741 -158.883 -178.866 -155.582  -49.150   44.142  -59.107  -11.793
204  -17.866 -114.425  -27.541 -158.700 -167.546 -142.365  -68.873   49.640  -81.229    9.957
205  -54.223  -87.911  -24.378 -155.702  166.540 -157.085  -51.414   61.478  -51.713  -11.141
206    8.990 -110.934  -30.879 -174.759 -165.753 -141.266  -79.092   50.905  -70.828   -5.260
207  -11.819 -100.239  -18.879 -164.646 -164.419  -71.342  -65.555   87.947  168.529  -51.889
208  -22.188  -90.837  -20.629 -166.746 -179.798  -74.206  -52.998   81.882  174.260  -21.655
209  -26.701 -110.214   10.445 -159.785 -173.774  -68.950  -66.048   51.926  133.850  167.192
210   -7.715  -86.267  -26.407 -163.764  178.724  -79.617  -50.006   86.594 -148.442  -83.625
211   -0.141  -95.368  -16.855  174.382  170.197  -57.117  -64.825   97.853   74.267 -178.929
212  -10.114  -89.788  -33.681 -158.543 -178.063 -146.820  -42.879   38.744  121.209 -161.691
213   20.025 -114.981  -32.165 -171.154 -175.918  -75.716  -62.745   56.492   50.882 -156.885
214  -12.523  -95.797  -27.381 -171.169 -164.755  -92.784  -52.094   49.674   51.712 -168.426
215    7.015  -89.442  -28.338 -176.481 -175.645  -79.606  -61.765   26.198   39.183  167.748
216  -13.343  -95.687  -22.726 -167.292 -175.074  -66.133  -38.067   67.713   16.682  -21.953
217  -15.377 -105.005  -22.146 -173.403 -169.932  -68.942  -63.639   82.345   44.886 -168.272
218   -8.948  -92.513  -35.966  179.214 -164.639  -84.629  -44.731   67.707   41.658 -169.150
219   -1.802 -114.977  -33.870  172.461 -178.568  -79.607  -47.966   17.918   69.635  -45.088
220   13.619  -84.585  -20.457 -161.713  179.689 -159.081  -73.487   49.064  145.218   23.202
221   15.959  -86.444  -13.413 -179.330  173.234  -76.927  -65.636   51.704   61.058 -142.256
222  -13.705 -111.425  -26.346 -178.069  177.046  -69.091  -42.930   46.739   41.576 -139.117
223  -27.382  -90.203  -20.951 -163.188  174.708  -89.822  -65.594   48.831   75.372  176.503
224  -20.320  -69.076   14.105  158.868  166.390  -75.046  -57.108  100.962   69.298 -171.195
225  -13.296 -113.620  -49.207 -165.573  177.719  -75.431  -64.194   30.994   91.161 -165.863
226   -2.513  -91.014   -9.476 -177.493 -172.658  -69.112  -36.619   85.250   19.603 -142.531
227  -11.098 -107.770  -11.598  171.693  171.716  -66.207  -64.759   32.743   57.157  175.415
228  -17.685  -86.721  -13.992 -161.586  176.017 -117.029  -64.982   53.418  113.995  -19.935
229    5.224 -109.937  -20.143  175.391 -170.835  -64.576  -50.433   81.339   39.565 -161.206
230  -10.290  -92.136   -7.576 -166.449 -172.837  -83.128  -53.467   42.303   54.412 -156.060
231  -21.019 -104.056  -22.798 -175.289 -172.254 -158.631  -68.572   57.457  119.731 -161.968
232    8.624 -112.170  -24.452  171.091 -173.747  -22.484  -52.211   40.610  -39.581 -152.002
233  -31.679  -85.041  -18.770  177.683  175.148 -121.706  -63.359   43.256  103.486 -138.113
234  -12.994  -92.579  -23.800  178.110  179.959  -71.410  -57.029   59.231   48.146  166.890
235    0.718  -97.936   -0.861  172.423  174.347  -78.410  -59.718   18.941   65.241 -133.546
236  -24.697 -101.575  -42.927 -168.632 -175.465  -75.135  -72.539   35.769   61.552 -153.443
237   -0.810  -97.462  -32.345  175.845  175.191  -63.647  -65.786   24.510   35.067  164.140
238  -14.136  -95.014  -11.032 -158.719 -174.974 -179.717  -63.177   55.930  122.818 -177.347
239  -14.339  -79.818  -25.972 -172.766  173.735 -145.207  -61.140   57.868  134.721  179.174
240  -21.872 -109.782  -21.474 -169.131  165.053 -134.175  -57.348   68.412   89.611 -171.455
241  -20.801  -90.383  -13.357  172.540 -179.380  -96.295  -51.976   43.033   60.536 -136.208
242  -82.071  -99.602  -26.854 -147.847  171.204 -174.285  -63.909   43.018  142.238 -140.838
243   -4.706  -80.163  -30.092 -159.585  169.562 -101.062  -50.218   14.813   63.548    0.046
244  -24.611 -103.274  -11.468 -160.153 -176.826 -150.300  -66.507   41.044  -63.755  -10.843
245  -89.577  -78.824  -28.716 -164.256 -171.751  -88.046  -54.146   35.543 -117.771  -12.422
246 -114.278 -100.184  -19.546 -162.572 -172.784  177.100  -40.092   48.367  -31.894   29.522
247  -71.193  -83.087  -16.155  178.514  173.741  -80.230  -66.216   18.270 -102.325    8.257
248  -47.016  -91.241  -10.404  177.528 -176.801 -147.046  -66.340   44.960  -49.100   27.253
249  -22.021  -79.826  -39.932 -168.643  178.917  -90.345  -70.662   21.599  -85.861    8.945
250  -95.147  -86.634    0.298 -171.874 -168.661  -72.415  -51.160   51.127   71.643  151.736
251 -105.347  -91.401  -33.343 -162.552  178.863  -92.342  -62.410   30.775   87.488 -173.223
252  -92.700  -83.866  -25.117 -175.913  171.548  -82.991  -57.158    0.159   54.578 -172.519
253  -49.672  -88.789  -52.707 -163.643  178.134  -86.977  -59.113   23.383   62.278 -172.145
254  -49.798 -105.350  -33.228 -179.272 -177.713  -85.263  -79.140   59.033   70.440  165.346
255  -24.058 -104.644  -16.398  172.938 -176.168  -62.728  -50.514   47.715   26.729 -176.592
256  -71.995 -101.427  -26.599 -173.728  178.896  -77.125  -74.319   43.085   66.382 -154.426
257  -78.646  -88.258  -26.512 -165.100 -175.376  -94.545  -64.952   64.561  101.990  171.849
258  -82.179  -80.791  -33.647  179.128  174.793  -90.136  -64.415   42.794  110.971 -170.769
259  -15.983  -85.288  -41.455 -175.316  174.453  -91.193  -67.228   55.287   81.985 -160.284
260   11.627 -102.356  -21.786 -165.616  177.256 -155.721  -55.724   26.926  107.749  173.289
261   -5.698  -85.141  -41.217 -167.107 -176.522  -97.001  -65.858   31.140   62.123 -142.469
262    1.278 -107.330  -20.263 -153.472  175.912  162.838  -52.775   80.943  144.929  158.716
263   -6.208 -101.219  -44.448 -166.365  178.768   57.510  -73.825   27.103  -77.486 -179.224
264  -33.589 -108.001  -29.589 -163.819 -176.545  177.904  -47.597   70.222  149.242  172.582
265  -15.622  -89.926  -22.988  177.380  178.002  -71.118  -60.901   33.163   46.847 -167.087
266  -24.960 -101.874  -32.855 -161.290 -179.827  -78.782  -48.639   68.688   44.897 -139.401
267   -8.247  -98.726  -13.807 -164.262 -175.288  -63.139  -55.616   62.248    2.040   -0.393
268   30.844  -78.532   20.940 -175.503  179.883 -102.152  -53.326   86.204  -41.608   -5.879
269   -0.933  -87.996   -5.893  167.315 -176.253  -68.480  -47.585   70.863   -1.531  -12.728
270    8.718 -101.409  -24.318 -160.333  177.157  -70.899  -60.703   82.639   -0.528  173.412
271   -8.747  -86.690  -31.741  179.709  173.688  -53.215  -57.051   54.986   23.037  -13.786
272   -2.218  -88.336  -14.353 -173.352 -176.133  -54.299  -59.678   62.219  -43.854    5.861
273    8.243 -104.508  -21.250 -170.951  176.245  -93.408  -60.518   26.255   73.522   13.857
274   -6.572 -112.974   -4.592 -163.072 -168.808  -64.872  -53.414   43.626   -1.439   18.082
275  -23.473  -97.882  -26.655 -168.650 -169.549  -72.330  -57.807   78.783   48.774   54.206
276   -4.410  -93.842  -37.876 -172.801  171.025  -67.748  -65.219   45.102   65.354    0.105
277  -22.313 -105.700    9.675 -159.935  175.805  -56.663  -75.335   59.336  -17.500  -22.851
278   -3.016  -85.089   -6.304 -171.636 -175.274  -84.135  -40.796   59.398   10.152  -29.232
279  -24.709  -94.649  -21.567 -168.722  174.658 -149.951  -56.394   47.373  135.433   23.470
280   -7.331  -84.436   -7.200 -164.624  173.292 -154.046  -60.966   76.212  107.483  -11.292
281    3.049 -111.088   -6.783 -161.502 -170.020  -66.306  -60.060   97.117  -19.659  -15.352
282  -12.420 -109.037  -15.289 -165.938 -167.316  -65.690  -44.118   56.121   -3.270 -178.383
283   -0.773  -99.576   -6.890 -178.449 -172.156  -76.565  -69.592   71.771  -18.222   17.568
284  -26.986 -103.321   -8.693 -173.920 -168.845  -79.903  -57.865   65.335   12.782  -42.228
285   -7.289  -93.891  -34.680 -167.120  171.732  -72.571  -63.627  106.639  169.053 -170.317
286   -3.610 -120.852  -34.135 -140.051 -174.718  -79.828  -46.673   77.430   19.381 -167.481
287  -17.984 -101.043   15.406  172.516  161.675  -82.425  -61.794   96.604  130.808  171.332
288   -2.471  -99.844  -20.057 -179.524 -169.689  -45.722  -61.950   47.378 -127.431   12.332
289  -11.544 -113.091  -18.301 -159.121 -169.384  -93.266  -32.607   79.831 -144.515   38.490
290  -31.718  -98.682  -31.529 -167.423 -166.281  -91.548  -51.880   61.744 -134.375 -178.245
291    9.585 -100.143   25.367  160.922  174.360  -73.142  -44.863   72.581 -152.721   12.795
292  -17.097  -90.040    8.340  175.245 -179.339  -69.003  -39.712   72.207 -169.293    6.059
293    8.786  -86.380  -14.084 -176.176 -171.617  -72.371  -60.757   84.527 -165.273  -25.770
294  -17.906  -89.551  -17.764 -169.461 -176.284  -83.391  -59.717   82.246  -97.460   -3.618
295   -9.748 -108.162  -12.470 -171.451 -177.106  -82.312  -49.195   96.918 -138.106  118.617
296  -26.669 -106.562  -14.919  172.329 -174.645  -69.922  -43.229   83.186 -153.491   -1.893
297   -0.868 -106.063  -10.317 -165.360 -170.863 -101.166  -53.765   21.768 -142.641   -2.738
298  -16.616 -106.511  -24.906 -166.457 -168.588  -84.987  -57.026   60.218 -144.165  176.101
299   16.963  -90.472  -44.813 -158.846 -157.741  -67.880  -47.777   70.230 -137.428    2.440
300   -5.008  -95.085  -35.528 -168.736 -179.128  -79.491  -54.392   48.257 -153.597  164.909
301    2.530  -94.434  -24.574  176.289  179.338  -93.053  -61.200   35.006  -62.926 -166.036
302  -15.546  -97.237  -29.017 -167.873 -179.246  -63.346  -42.173   58.708   10.321 -144.374
303  -15.375 -101.009   -2.228  163.347  177.762  -73.139  -67.158   31.364   64.539   19.946
304  -26.045  -99.836  -23.953 -168.650 -153.784  -75.273  -43.151   61.763   25.389  -21.043
305   11.634  -86.625   -4.774  175.132 -167.942  -87.774  -41.483   70.164   24.638 -160.754
306   -5.227  -89.955   17.355  150.393 -173.637  -77.995  -51.922   68.023   34.640  178.734
307  -18.977  -97.670  -23.137 -166.855 -173.081  -70.983  -52.424   41.911   48.079 -150.995
308   -7.359 -103.657  -14.306  173.409 -166.293  -62.186  -48.803   75.644   46.080  155.406
309  -27.323  -98.544  -21.382 -173.012 -173.806  -75.878  -50.018   71.554   48.182 -174.909
310  -12.190  -96.095  -22.544 -175.541 -176.694  -78.337  -57.901   56.923   47.552   11.693
311  -14.395  -94.201  -16.811 -162.737  174.269  -83.589  -46.728   70.200   31.539    2.210
312  -10.257 -104.995  -22.475 -160.798 -179.032  -58.983  -83.411   75.696  -33.526   24.991
313    9.889 -107.555   -6.163  177.154 -177.299  -78.976  -57.958   74.797   36.505   18.159
314  -34.313  -94.390  -14.813 -176.645 -173.761  -80.282  -54.501   55.201   52.655   45.492
315   13.594 -102.360  -38.601 -157.264 -172.247  -90.604  -46.669   63.652   32.902  -13.097
316  -16.666  -99.443   -2.801 -176.425  179.030 -141.602  -56.858   45.201   97.415    2.520
317  -16.173  -89.133  -24.348 -165.142 -175.117  -82.122  -51.675   82.287   54.306   41.656
318   -0.599  -90.222  -25.144  176.997 -176.808  -68.221  -55.253   66.421   42.423 -144.280
319   12.421  -84.228  -36.587 -159.153 -174.775  -67.383  -55.793   76.755   25.975 -159.055
320    6.019 -107.745   -9.034  179.855 -179.758  -78.024  -62.622   67.759   51.823  179.347
321   -5.995  -93.512  -27.032 -178.755 -168.190  -84.870  -42.843   66.360    4.777   23.020
322    5.683 -106.010  -14.715  174.848 -169.799  -56.267  -49.725   97.986  -19.610    4.745
323   -3.682 -105.733  -19.128  176.186  178.484  -68.123  -58.420   55.447   50.764    1.099
324   -7.007 -105.025  -32.644 -171.693 -166.254  -76.476  -42.139   67.837    9.103   -2.495
325   -4.745 -103.371  -14.713  178.642  173.371  -60.807  -53.277  105.819  -24.134  -14.396
326  -10.748 -101.561   -4.742 -175.065 -173.497  -69.853  -50.316   53.075  -33.885   11.691
327  -11.289  -99.060  -29.606 -163.561 -178.972  -70.983  -40.097   56.514   20.942 -150.832
328  -23.213 -117.916  -12.897  177.889 -167.630  -72.360  -54.389   68.918   48.779  164.834
329   -6.323 -108.690  -25.410 -176.497 -169.440  -64.871  -50.296   95.605   33.601  126.648
330  -32.127  -84.488   -5.906 -178.755 -178.172  -78.596  -50.812   63.179   36.624  169.022
331  -23.916  -97.174  -31.942 -155.160 -178.214  -86.129  -53.880   89.744   42.153 -167.142
332  -11.088 -104.494  -11.385 -169.932 -178.943  -65.177  -56.704   78.725  -29.497 -168.380
333    7.927 -110.471  -36.337 -167.939 -172.656  -79.976  -54.847   71.474   49.983 -165.353
334    1.164  -66.298  -23.207 -162.964 -174.128  -88.401  -54.029   76.202   47.951  161.900
335  -11.894  -92.377  -14.622 -160.669 -178.675  -72.701  -40.252   42.229  -12.366  169.644
336  -11.618 -108.968  -50.964 -150.757 -175.901  -70.780  -41.734   76.964 -127.094  -11.801
337  -12.659 -100.816  -25.119 -166.525 -176.887  -72.140  -49.995   93.004 -136.590   -1.681
338  -14.777  -90.865  -21.150 -177.074 -178.461  -64.961  -49.516  117.316 -106.846    4.737
339   11.144 -110.748  -28.447 -174.921 -177.232  -82.344  -53.959   94.320 -152.313   21.419
340   -1.630  -96.705  -29.484 -179.374 -179.948  -77.433  -43.567  105.474 -142.044    9.391
341  -28.536  -98.458  -22.091 -157.369 -168.628  -73.093  -56.461   80.940 -135.799  -12.772
342   -0.268  -96.616  -49.870 -164.649 -174.850  -61.571  -60.772   63.515  163.192   49.520
343  -20.513  -88.634  -23.850  170.933  170.052  -61.215  -46.368   94.877   52.403  163.703
344   -2.057  -78.446  -28.339 -178.660 -169.046  -89.110  -29.551   34.703 -168.396  174.149
345  -24.860 -118.345  -19.556  171.601 -171.979  -64.152  -45.696   69.470   44.041 -167.775
346  -26.507  -91.573  -33.581 -158.925 -169.349  -71.443  -58.242  101.915   46.916 -167.117
347   -9.635  -84.377   -4.526  171.107  176.397  -61.907  -43.651   55.075   34.464  166.922
348  -12.581  -85.121  -19.121 -176.960  178.930  -81.583  -46.448  105.529   59.156 -167.908
349    0.671 -103.138  -16.201  171.370 -175.317  -85.751  -33.166   47.045   50.647  162.056
350  -13.574  -91.001  -13.749  177.694  179.879  -69.048  -54.142   82.616   36.417  157.357
351  -13.505  -93.687   -9.482 -179.581 -167.507  -82.922  -48.019   44.716   40.058 -163.770
352   -4.960  -96.794  -31.040 -159.217 -177.689  -96.694  -42.502   70.846 -118.840 -156.407
353  -27.570  -94.630  -17.176  173.228  177.126  -80.043  -46.066   61.264 -119.645   14.509
354   -9.431 -105.216  -24.749 -168.190 -165.291  -80.286  -51.784   66.907 -125.515    4.844
355   -4.169  -78.342   -2.155  163.801  176.069  -56.971  -55.935   77.196 -148.354 -172.908
356   15.536 -105.462  -35.951 -178.053 -179.190  -69.173  -51.538   91.071 -126.211  142.556
357   -3.093  -88.916  -28.830 -169.138 -165.859  -84.116  -53.767   77.391 -119.556 -150.253
358    5.730 -104.676  -29.015  178.455  173.411  -62.899  -48.580   78.298 -149.682 -168.272
359    4.442 -104.933  -39.558 -164.537  174.153  -71.640  -53.674  140.380 -138.160  175.099
360   -8.482  -95.427  -30.782 -156.764 -178.833  -67.157  -56.938   94.209 -128.088    3.409
361  -17.396  -95.285  -18.690 -170.675 -169.919  -91.981  -45.729   78.183 -115.440  -30.239
362  -12.497 -113.583  -18.890 -174.409  179.055  -78.566  -43.916   73.225 -138.067    3.133
363   -3.212  -78.109  -35.478 -165.154 -159.856  -75.198  -53.774   82.226 -106.749  -17.187
364  -13.991  -91.092  -43.566 -154.223 -166.901  -76.663  -54.647   85.304 -127.339    8.882
365  -26.224  -95.934  -24.181  171.937 -176.700  -76.793  -41.154   64.336 -111.988   27.124
366  -17.002 -105.698  -15.357 -175.255 -172.751 -106.672  -46.598  174.730  -76.314    3.648
367  -23.000 -110.997  -24.294 -160.221  179.251  -71.874  -45.745   78.322 -140.411   10.220
368   -8.004  -91.858  -19.078 -176.356  175.596  -61.715  -59.843  102.281 -124.381   -2.075
369  -12.617 -107.582  -15.857 -173.975 -178.613  -71.324  -50.280   79.819 -129.814  -12.976
370   -4.949 -107.714  -30.439 -162.437 -175.420  -75.394  -49.455   75.440 -144.517   29.481
371  -21.310  -98.619  -25.109  170.882 -178.935  -67.496  -50.346   75.737 -101.971    3.702
372    4.394 -104.739  -30.767 -164.617  176.100  -82.261  -60.028  105.603 -143.282    3.846
373  -12.614 -113.064  -20.047 -166.051 -171.679  -74.598  -60.490   96.760 -124.246  -13.767
374  -24.507  -99.827   -6.030  178.263  177.803  -70.825  -51.084   63.461 -135.442  -14.996
375    1.406 -103.826   -9.793  178.237 -173.518  -74.872  -59.346   91.222 -136.717  -15.240
376  -18.484  -91.069  -27.912 -166.565 -174.423  -79.841  -55.421   40.830 -122.229  -31.169
377   16.492 -102.262  -40.752 -150.038 -173.889  -77.978  -48.194   41.835 -132.031    9.198
378    3.328  -81.994  -45.391 -169.980 -169.878 -134.472  -63.624   63.955  -49.838   -5.799
379    4.744  -88.174  -40.201 -173.935 -168.585  -63.081  -40.990   91.139 -153.383   20.484
380   -3.125  -81.997   -2.095 -166.768 -175.963  -61.017  -61.104   53.556 -144.428   46.483
381    5.788 -107.790  -12.580 -170.311 -179.727  -84.518  -54.011   41.810 -151.746  -14.582
382    5.525 -106.764  -15.924 -174.263 -178.805  -56.126  -61.143   55.702 -162.542  -17.058
383  -19.617 -114.831  -21.725 -175.231 -171.476  -90.935  -51.260   40.247 -116.741  -13.219
384  -31.227 -101.054  -13.903  168.209 -176.781  -68.685  -73.735   41.403 -113.303   33.810
385  -42.826  -99.750  -29.648 -163.626 -175.506  -61.949  -55.057   76.440 -169.561    4.988
386  -12.183  -93.773  -31.889 -169.875 -172.784  -81.597  -41.492   33.045 -176.244  -25.257
387    0.705  -80.018  -18.486  175.685 -178.965  -67.483  -53.737  103.595 -138.688  -30.907
388  -15.187  -82.921  -18.246 -166.879 -173.871  -65.311  -59.576   70.725 -144.487 -155.179
389  -10.319 -112.923   -9.356 -166.678 -176.034  -77.808  -56.210   46.986 -147.143 -178.464
390   -7.570  -97.298  -24.350  177.921 -174.377  -68.034  -50.956   79.397 -135.949  167.996
391  -17.503 -108.402  -16.494 -174.087 -179.529  -76.558  -52.511   65.295  -98.319 -167.745
392  -11.526  -66.516  -23.325 -158.806 -164.938  -74.012  -62.799  132.803 -146.275 -173.547
393  -12.886  -87.412   10.967  174.473  170.543  -79.682  -55.765   94.183 -144.294 -136.548
394  -18.467 -103.457  -18.641 -171.045 -169.332  -67.599  -61.698   79.106 -141.622 -116.399
395   -2.436 -122.901   -3.243 -162.149 -175.631  -64.435  -56.247   33.034  160.762  -24.703
396  -64.763  -87.848  -11.505 -176.686 -168.815  -63.386  -54.529   64.145 -179.765 -171.456
397  -96.803  -83.935   -2.359 -159.224 -173.250  -61.871  -54.469   41.196  147.919  -10.036
398  -81.438  -75.510   11.366  172.327 -172.746  -88.037  -56.951   96.260 -131.040  -28.146
399    8.104 -127.579   -6.126 -163.731 -173.585  -98.545  -47.423   64.404  159.973  -23.395
400   -8.962  -99.416  -27.202 -167.863 -171.322  -71.207  -54.638  114.062 -142.517 -158.321
401  -84.731  -98.245   -5.644 -166.714 -178.105  -89.252  -53.361   61.378 -148.018 -166.531
402 -130.352 -115.583   -0.939 -173.414  175.289  -77.792  -44.554  104.903   46.389  150.652
403    8.809  -97.514  -10.821 -161.159  166.931  -73.532  -62.495  109.792  -44.303  161.528
404  -33.863 -111.139  -17.701 -172.307 -177.126  -79.263  -42.788   76.044   22.310  162.579
405    4.236 -109.835  -16.094  177.142 -169.665  -64.792  -65.967   77.537  171.502  172.266
406   -1.271 -101.767  -11.321  179.084  179.262  -62.118  -56.740   82.391 -171.136   26.908
407    6.762 -117.884  -39.066 -154.475 -168.303  -75.487  -63.121   77.406 -169.536  -26.825
408  -24.224  -88.912   -8.778 -175.742 -174.675  -69.553  -59.021   81.734 -113.182  171.099
409  -37.102 -109.558  -23.678 -169.562  178.067  -66.431  -40.536   89.866  169.449   -4.220
410  -21.464 -115.913  -19.621 -167.883 -174.715  -62.099  -67.259   85.030  162.112 -179.059
411   -9.505  -85.380  -26.403  176.185 -176.535  -66.552  -49.149  101.705 -142.026 -179.431
412    1.750  -98.444  -19.891 -160.162  177.940  -70.429  -57.407   80.801 -167.945  160.767
413   -0.998  -91.544    4.751  169.876  175.886  -77.259  -54.772  100.425 -135.373  177.313
414  -15.258 -105.885  -13.272 -179.370 -174.196  -80.666  -48.994   90.041 -130.377    0.011
415  -14.476  -76.951   20.502 -143.735 -178.873  -87.702  -56.847  -26.626  159.923    2.660
416  -19.115 -103.909  -35.718 -167.469  168.690  -71.705  -53.366   58.526 -135.568  164.689
417  -22.677  -83.095    3.841  170.883  178.880  -86.379  -61.619   67.750   59.039   10.319
418    3.726  -59.633   -9.273 -175.056 -174.575  -83.590  -56.135   70.171   48.969 -177.835
419  -19.918  -77.144   17.827  161.767  177.090  -82.255  -51.087   79.959    7.281 -159.379
420   -0.086  -85.978  -15.310 -169.115  176.264  -87.984  -39.914   81.810   40.726 -176.393
421  -22.721  -91.196  -18.848 -169.634 -157.800  -74.904  -53.526   81.378   -7.648   17.420
422   -6.280 -103.745  -12.428  176.078  178.376  -72.750  -49.177   82.588   60.547   24.247
423    9.001  -77.677  -16.313 -170.555  178.172  -87.017  -52.432   50.270    7.955    4.453
424   -9.839 -101.139  -12.363  178.845 -179.721  -74.682  -54.263   68.430   53.714    4.131
425   -8.565  -93.750   -8.723 -176.425 -166.447  -80.638  -45.649   43.658   34.572   -8.222
426  -14.786 -111.273  -11.054 -156.973  174.829  -84.713  -57.736   72.437   48.488   -5.220
427  -34.574  -98.602    5.743  165.719 -176.137  -94.110  -42.218   88.697   37.687   -3.104
428    6.480 -114.871    9.490  160.132 -165.932  -74.413  -44.355   49.383   10.357 -175.440
429   -1.500  -97.147   -5.685  178.935 -175.915  -76.370  -52.083   88.179   44.105  173.836
430   -8.791  -67.395   -8.246 -175.129  174.947  -77.073  -46.045   60.985 -140.050  158.021
431   -0.961  -80.282   -0.713  179.872  179.341  -84.201  -58.792   68.761   64.446  168.105
432  -18.901 -110.039   -8.386 -168.476 -177.038  -63.030  -69.310   64.451   76.195 -150.026
433   13.792  -93.283  -10.873 -157.744  176.562  -59.313  -51.450   24.200   60.273  162.097
434  -13.536 -107.375    6.472 -179.593 -176.274  -70.453  -73.285   82.626   84.509  -23.487
435  -14.100  -83.187  -19.061 -151.626 -173.009  -80.903  -64.928   81.983  -80.364    4.181
436   -2.879  -89.178   10.197  176.259 -170.639  -81.585  -43.309   59.794  170.277   -2.645
437   13.125 -100.578  -13.629 -167.129 -168.010  -63.793  -56.272   56.439  178.613  -21.428
438   -9.184 -100.665  -30.651 -159.431 -167.138  -55.715  -49.698   42.045  163.449 -159.393
439   -7.936  -79.281  -29.513 -154.972  172.710  -75.760  -61.614   90.542 -177.613 -164.728
440  -31.682 -104.837  -18.867 -176.283 -165.330  -63.379  -48.890   69.752 -174.796  -28.342
441  -26.704  -87.853  -14.971  175.697  179.273  -74.585  -44.320  103.554 -169.317   11.709
442  -12.908 -112.385    4.162  172.927 -178.219  -45.678  -70.296   57.354  170.391   27.532
443  -10.768 -113.385   -7.681 -175.956 -173.914  -63.818  -62.726   80.736  172.186 -153.182
444   -7.386 -108.531  -14.499 -159.826 -178.779  -55.726  -48.640   33.475  133.674  169.243
445    0.338  -81.563  -13.735 -148.478 -167.080  -67.025  -49.126   54.729  162.395  -33.970
446    9.191  -93.610   -2.103 -168.371 -174.056  -77.980  -48.666   47.104  179.282    5.824
447  -13.112 -102.832  -24.784 -161.839 -178.023  -66.633  -51.845   79.060 -171.919  -24.257
448   -5.014 -106.740  -27.902 -166.883  176.444  -74.514  -54.707   67.588 -152.923   31.244
449    7.325  -99.469   16.175  175.056 -160.148  -61.809  -25.675   36.626  151.265    5.112
450  -15.276 -107.243   -1.655 -176.189  178.733  -76.387  -48.083   61.330 -172.758   -2.739
451  -11.763 -106.235   -6.041 -166.369  176.051  -58.459  -43.066   32.051  167.269    3.029
452   -2.177 -105.968   -8.791 -166.052 -161.741  -62.701  -44.531   35.726  155.143    5.342
453  -26.136  -88.563  -14.872 -158.570 -176.063  -39.346  -52.224   28.439  124.495   20.992
454   11.306 -100.181  -15.743 -145.662 -174.468  -39.968  -56.558   31.285  156.822   29.987
455   -8.886  -91.418  -19.919 -179.504 -177.797  -68.832  -59.034   55.880 -171.930   18.221
456  -10.753  -92.905   -6.340 -155.804  177.225  -67.345  -58.901   73.005 -179.277 -169.249
457    4.031 -100.008    5.129  179.544 -174.438  -79.982  -48.815   46.166 -149.166 -154.336
458   22.306  -94.615  -19.577  179.969 -172.815  -80.756  -41.081   92.779 -153.515 -178.502
459   15.332 -104.389  -24.885 -168.056 -177.700  -57.106  -50.889   47.032 -160.643  171.485
460   -8.375  -98.042   16.429  175.793 -177.623  -47.499  -60.254   39.667  151.330  176.037
461  -14.605 -115.456   12.429 -170.013 -171.823  -44.010  -48.851    4.213  120.074   11.277
462  -10.671 -109.578  -24.573 -168.952 -165.895  -80.386  -35.022   34.269 -157.055 -172.641
463  -14.397 -106.982   -5.907  169.099 -171.904  -71.493  -48.080   75.910  163.903  142.570
464   -5.839 -106.840   -3.469 -162.087 -176.152  -54.193  -55.356   19.947  149.778  -48.616
465  -23.579  -92.304  -11.912 -173.958 -177.652  -64.346  -54.957   90.549 -137.933   19.858
466   -9.044  -96.423  -25.696 -162.374 -175.370  -63.280  -49.882   59.278 -179.129  -32.984
467    1.731  -96.739  -28.467 -179.666 -168.770  -67.607  -51.082   43.474 -140.097  -27.024
468  -35.330 -100.355  -17.926  176.534  178.290  -52.466  -57.864   81.474  172.538  -40.255
469  -21.729  -99.104  -35.590 -168.190  179.861  -68.223  -52.867   68.870 -151.967    9.846
470   -0.903  -92.029  -12.860  176.476 -165.110  -71.520  -59.299   74.409 -144.131  -17.808
471  -11.184 -101.303  -25.565 -165.345 -167.985  -68.292  -53.789   52.966  -19.357  -43.181
472  -16.580 -111.728  -11.546  166.457  173.841  -73.873  -40.920   66.105 -122.672   -5.904
473    3.011 -115.368   -5.398  178.830 -166.730  -77.609  -63.291   77.257  163.308 -158.255
474    5.285 -101.442  -13.096 -178.695  170.009  -67.525  -55.077   81.824 -137.770    9.058
475  -29.738  -96.520  -18.538 -167.606  176.771   86.045  -52.675   15.134   58.425   -7.275
476  -11.748 -103.880  -28.824 -155.174  175.787   73.406  -55.358  -17.016   44.841  -13.911
477  -11.125  -99.855  -22.956  178.393 -171.130  -77.266  -44.170   61.545 -133.516  -32.924
478    6.560 -106.370  -11.550 -173.068 -178.032  -64.966  -74.189   85.156  -82.800  154.093
479   -4.376  -92.817  -17.625  171.784 -173.442  -70.064  -57.036   65.984  -78.300  165.916
480  -10.384  -79.056  -15.707 -175.756 -177.817  -64.231  -58.252   73.113  -12.235  159.310
481   -9.132 -102.709   -2.761 -153.052 -170.570  -69.499  -60.744   62.083  -34.817  176.564
482   -3.433  -90.379   -9.934  172.019 -172.945  -56.213  -59.097   70.780   16.854 -165.724
483  -18.377 -105.050  -24.474 -164.950  173.484  -62.882  -60.810  101.982   40.531  167.930
484   -0.596  -88.431  -25.546  168.857 -165.430  -51.214  -49.016   66.142    0.404  127.209
485   -7.515  -96.835   -1.340  161.175 -173.169  -78.863  -42.046   81.635    3.931   11.028
486  -32.593  -91.739  -22.735 -162.569 -173.931  -73.704  -48.729   48.602 -168.876    8.089
487   -4.377  -91.778  -25.529 -174.884 -171.402  -82.420  -66.161   15.816 -114.459  160.671
488  -20.395  -93.965  -18.299 -158.860  175.893   74.991  -39.790  -57.477   56.693 -162.316
489    6.474 -126.039  -33.459 -150.663  177.912   91.644  -54.089   46.104   42.193 -151.990
490  -36.365  -85.389   -4.623 -160.663 -176.323  -28.274  -72.454   49.884  149.712   -5.083
491  -16.462  -86.701   -2.795  162.605 -171.028  -72.202  -61.720   79.010  167.027   -0.125
492   -5.082  -96.798  -33.471  176.207 -179.514  -62.166  -47.957   52.185 -142.965    8.098
493   -4.144 -102.313  -14.294  172.264  178.078  -83.725  -35.817   76.625 -161.351  -27.596
494  -16.790 -101.801  -33.727 -176.332 -176.348  -68.374  -48.614   90.360 -134.324   -1.620
495   -1.235  -85.930  -15.238 -159.177 -167.824  -69.541  -48.672   51.813  172.969  -31.797
496  -10.077 -103.565    1.767 -179.044  177.759  -53.999  -56.916   59.373  167.368    0.539
497  -12.591 -109.604    1.227  179.058 -175.035  -73.328  -53.257   60.843  -45.663  159.399
498    6.077 -101.673   -3.977  177.342 -168.661  -67.307  -60.147   60.061  -84.783  169.689
499  -22.235  -99.242  -24.488 -174.620 -167.350  -65.727  -47.558   75.830   20.301  173.533
500   -6.108 -104.717    2.081 -168.594  173.827  -49.302  -54.469   45.366  -25.253 -159.632
501  -26.408 -108.544   15.631  170.352  176.136  -72.065  -58.591   80.349   11.273   -3.046
502  -16.851 -100.489   -9.802 -174.385 -176.679  -83.291  -49.375   88.102   26.353  -20.023
503  -17.851 -104.539  -26.379 -168.821 -172.037  -67.599  -56.331  108.225   -4.055  176.819
504   -3.749 -115.943   -2.419 -157.273 -176.200  -82.823  -50.949   76.454   17.586  -20.444
505  -15.929 -103.921  -26.202 -167.861 -162.835  -93.234  -43.393   68.701   26.326 -172.572
506    6.021 -114.398  -29.829 -176.491 -173.326  -74.756  -49.427   68.571   42.578   17.751
507  -17.729 -101.956   -1.609  171.096 -174.176  -69.577  -61.096   47.636   35.084    7.002
508  -21.132 -107.692  -12.217 -157.481  178.064  -70.505  -57.601   59.076    3.204  -62.726
509  -13.037  -87.529  -38.729 -164.250 -171.165  -85.171  -48.824   71.880   48.923 -172.331
510  -32.921 -103.812  -31.929 -141.283 -173.045  -71.972  -56.789   82.177  -25.574  163.678
511   -1.292 -112.503  -37.433  172.160 -171.208  -81.023  -48.840   71.879   41.080 -163.043
512  -24.434 -100.044  -14.210 -172.068  170.125  -73.610  -56.436  121.261  -33.933   -7.148
513    0.878 -122.876   -6.200 -179.648 -176.908  -92.421  -52.235   69.501   49.419  176.135
514  -21.449 -103.901  -29.981 -163.833 -175.847  -75.432  -53.462   35.898   42.555  -13.999
515   -0.536 -103.618  -16.268 -170.875 -179.107  -66.871  -54.429   79.782   29.789 -166.827
516  -33.563  -99.286  -22.777 -158.949 -177.325  -70.873  -53.667   55.415  167.576 -167.878
517  -29.661  -99.889  -11.597 -165.834 -168.387  -71.145  -66.445   49.253 -118.246  148.075
518  -12.423 -102.070  -11.781 -168.844 -178.509  -83.091  -50.507   91.720 -169.920   -8.618
519  -10.601  -85.694  -24.397 -160.755 -168.812  -71.222  -54.109   74.787 -133.320   -7.092
520  -11.222 -100.053  -26.181 -152.118 -171.946 -106.745  -34.610   62.121 -135.236    4.687
521  -10.976  -83.330  -20.673 -175.089 -169.871  -76.471  -55.520   63.106 -115.842  163.430
522   27.840  -98.207   -3.024  168.696 -178.649  -70.742  -56.224   92.056 -150.634   -8.771
523   -6.360 -111.669  -17.308  177.302 -174.386  -79.336  -33.902  101.047 -138.128    3.312
524    4.243  -66.334  -42.597 -173.333 -175.017  -71.235  -43.577   68.291 -137.283  154.538
525   -4.798  -89.867  -28.706 -170.309 -175.383  -83.429  -49.618   77.660 -127.733 -178.701
526   -7.527 -105.702  -25.178 -179.491 -179.806  -71.524  -47.144  117.151 -139.164 -175.560
527   -8.414  -90.330  -24.152  175.875 -179.121  -62.712  -59.766   97.850 -142.344 -164.318
528    0.185 -106.426  -24.247 -167.945 -178.757  -73.211  -59.283   96.023  177.324  164.836
529   -4.001  -88.060    0.669  169.068  171.406  -72.193  -53.523   54.114  177.775  152.202
530  -21.448  -91.476  -16.910  173.901  178.509  -69.902  -52.317   62.620 -124.457  162.620
531  -15.627  -99.967  -38.153 -172.126  177.372  -56.986  -59.022  102.428 -148.696  169.401
532  -20.194  -83.961  -19.033 -173.581 -178.007  -66.429  -65.116   67.622  125.943    4.332
533  -15.872  -99.741  -25.179 -160.417  177.467  -86.065  -49.640   92.072 -133.715 -169.882
534  -31.515  -86.890   -9.432  178.057 -175.442  -63.842  -48.154   80.250 -142.543  179.994
535   -4.291  -94.585   -0.027 -166.712  170.248  -71.153  -66.815  105.142  160.231  157.032
536    1.890 -114.200  -19.471 -170.185  173.895  -79.664  -47.742   78.780 -150.889   10.823
537  -14.483  -88.440  -34.005  179.890 -177.589  -71.631  -37.537   95.688  175.685 -176.935
538  -17.934  -88.222   -9.903  171.282 -178.233  -77.915  -53.976   59.323 -133.078  -27.761
539  -23.752 -115.261  -14.425  178.389 -169.850  -71.300  -44.412   61.024 -170.031  -17.061
540  -23.786 -106.366  -29.875 -162.049 -160.010  -76.965  -54.972   72.646 -147.858   -4.007
541   -2.234 -100.449    4.909 -176.666 -163.098 -104.624  -44.075   63.968 -168.727    6.674
542  -32.312  -98.637  -26.531  178.727  179.632  -63.788  -51.327   92.086 -177.102   27.818
543  -19.817  -93.836  -30.299 -175.027 -168.295  -61.032  -54.951   53.235  172.459 -166.045
544  -24.236 -101.801  -28.147 -148.415 -174.926  -87.258  -52.301   92.563 -144.619  178.280
545    8.265 -106.590  -32.217 -170.243 -176.178  -75.586  -41.502   60.568 -126.694   -4.204
546  -32.057  -94.593    1.852  169.155 -167.619  -68.603  -44.845   76.866 -173.162   -8.379
547  -15.661  -71.216    2.811  163.790 -166.619  -86.658  -47.075   90.665 -144.322   25.117
548  -24.573  -91.121  -30.070 -161.157 -172.336  -90.008  -35.913   53.850 -148.175   15.616
549  -35.294  -96.891  -21.353 -175.652 -155.772  -65.369  -51.907   56.952 -130.881   34.133
550   11.681  -84.194  -20.472 -176.145 -161.051  -75.429  -47.589   38.264 -160.399  177.627
551    3.235 -115.414  -29.662 -166.906 -177.629  -65.386  -51.210   81.645 -156.393  177.124
552  -33.953 -117.360  -24.475 -158.428 -169.882  -85.201  -49.199   68.144 -172.717    0.725
553   16.599  -84.401   23.481 -170.436  178.775  -98.525  -57.601   82.860 -117.673 -175.749
554    2.460  -85.190  -19.101 -161.515  178.794  -78.155  -53.340   89.499 -157.291  175.249
555   -7.123  -75.106  -11.003  178.532  178.170  -52.347  -53.810   39.976 -173.805  -13.774
556  -25.778 -105.170  -30.033 -157.460 -170.731  -83.248  -48.970   79.648   42.769  169.525
557   -5.870  -90.158  -24.425 -156.858 -172.408  -80.561  -55.329   63.884   43.640 -164.616
558  -26.376  -94.827  -34.414 -148.307 -172.317  -72.440  -58.537   86.817   42.966  175.492
559  -21.941  -68.972   -7.715 -179.665 -170.004  -59.582  -45.731   67.620    7.121  169.537
560  -20.854 -116.875   -3.861  179.990  177.621  -79.959  -57.882   77.893   45.931    9.181
561  -14.501  -99.881  -11.090 -173.188 -173.597  -86.260  -51.852   46.019   52.363    2.134
562  -16.984 -100.934   -6.081 -167.544  176.870  -65.915  -65.313  103.216  -11.089   -2.446
563    1.432 -112.064  -25.266 -156.402  175.925  -44.419  -56.593   18.158   41.143  177.790
564  -28.727 -104.992  -20.905 -162.786 -173.715  -67.282  -47.306   61.265   28.812 -168.909
565  -32.329 -109.807  -13.396 -159.405 -169.182  -53.101  -53.621   59.458  -18.998  179.051
566    7.317 -108.045  -22.748 -171.679 -174.108  -74.275  -43.424   49.688   33.607   18.756
567   -7.949 -110.529   15.554  171.289  174.463  -85.758  -41.157   66.842    1.594 -169.167
568   -5.663 -109.601   -8.394 -172.359 -175.930  -78.044  -57.953   54.801   76.919 -154.585
569   -3.147 -104.685  -19.640 -179.637  174.653  -65.803  -54.754   51.179  -11.551 -165.411
570    1.438  -98.756  -22.205 -166.967 -160.588  -74.272  -49.210   72.710   22.560  177.339
571  -17.003  -92.274  -13.110 -162.166  175.315  -82.915  -49.633   74.752   35.882  179.466
572    4.886 -107.129   18.873  163.854 -173.512  -69.026  -56.719   51.924   14.254  -23.842
573  -21.147  -79.901  -17.495 -167.203 -169.990  -66.838  -57.025   71.669   40.694  177.455
574  -16.080 -106.946  -39.118 -165.575 -167.553  -68.569  -49.915   57.037   48.385 -160.125
575  -32.983 -109.677  -18.630 -174.850 -174.728  -75.313  -45.332   72.672   30.323 -175.254
576    7.430  -88.775  -34.173 -171.045 -174.941  -74.476  -52.417   56.742   50.974  165.544
577  -16.652 -102.469  -20.914 -170.798 -172.970  -64.384  -41.283   43.275   26.293  174.853
578   -9.540  -71.739  -11.166 -164.101  172.556 -103.740  -44.408   51.552   45.710 -171.246
579   -4.903 -100.947  -22.504 -176.334 -171.183  -77.948  -41.684   76.380   35.420  161.941
580  -15.671  -89.276  -23.563  179.979 -179.171  -79.665  -52.136   50.119   53.692 -163.461
581    8.857 -111.764   -3.174  167.077 -177.774  -83.562  -57.767   89.896   48.732 -158.658
582    6.349  -89.756   -6.464 -162.406 -175.207  -85.329  -56.055   57.123   28.230  163.338
583  -15.794  -92.367  -26.238 -176.513 -172.461  -84.439  -52.921   25.549   62.426  173.270
584    5.928 -100.300  -22.083 -155.063 -171.541  -80.412  -57.952  113.745   38.331 -179.666
585  -16.970 -100.601   -7.043 -177.854 -167.259  -70.005  -51.353   62.278   36.320  177.267
586   -6.063 -113.635  -18.984 -165.171 -173.185  -76.406  -55.901   47.985   37.243 -177.810
587   -8.162  -61.937   -2.174  166.685 -172.952  -68.375  -49.239   71.252   61.069 -177.610
588  -24.029 -107.793  -22.885 -172.598 -175.261  -82.754  -36.942   60.466   20.130 -167.116
589    3.300  -94.492  -26.077 -176.610  178.829  -74.518  -55.756   53.539   42.049 -161.541
590   -1.105  -86.109  -20.624 -178.719 -177.652  -68.872  -42.265   90.231   39.491  167.747
591   -0.198 -106.812  -19.664 -158.275  173.523  -90.635  -46.974   84.439   59.346 -157.214
592  -10.194 -109.825   -2.680 -171.064 -172.362  -86.750  -50.581   53.414   52.999  158.997
593  -21.891  -95.474  -22.318 -174.937 -176.742  -64.337  -35.741   58.969   17.516  -37.645
594   -0.930  -77.300  -14.020 -174.496 -174.712  -64.344  -50.160   80.780   28.134  -15.374
595   21.197  -88.146  -29.384 -172.051 -170.022  -89.018  -41.133   31.494   29.439  167.621
596   -1.931  -87.536  -52.493 -157.395 -179.327  -55.308  -45.026   62.926   33.543  -31.793
597  -21.573  -82.526  -33.660 -151.875 -173.310  -81.122  -55.782   78.160   13.040   10.739
598   -3.949 -100.220  -16.349 -169.983 -175.257  -71.970  -45.766   77.859   10.818  -19.711
599   -7.530  -97.495   -7.064 -171.060  176.765  -77.242  -45.349   68.121   28.654   -2.505
600   -4.322  -59.010   20.726  168.681  174.316  -94.242  -53.465   77.082   19.697 -149.387
601  -30.222 -105.833  -16.785 -178.319 -178.567  -64.640  -47.064   90.474   36.420  176.314
602   19.909  -96.752  -13.507  170.512 -170.444  -63.857  -59.721   69.996   31.634 -169.572
603    4.954  -82.709   -5.257  171.734  175.334  -54.050  -57.634   40.844   60.848 -172.503
604  -26.564  -87.775   -2.175 -177.364  174.993  -57.931  -50.524   64.524   -4.399   -6.807
605   15.684 -113.265  -21.755 -168.628 -172.318  -83.856  -40.200   57.210   11.953 -151.882
606   -7.202  -89.765  -25.344 -166.642 -172.085 -101.956  -41.381   97.310   52.308 -174.045
607   -9.754 -102.623  -28.448 -174.140 -171.523  -83.910  -63.139   48.525   62.080   -8.164
608   -6.367  -54.414  -26.486 -151.715 -170.770  -96.215  -59.104   93.464   46.371  160.093
609  -11.268 -104.914    0.130 -167.288 -174.370  -67.316  -67.521   69.199    7.366  177.674
610  -18.306 -108.495  -10.412 -176.104 -162.687  -82.078  -49.932   80.225   17.356 -166.880
611   -5.074 -104.084  -12.489 -177.620  172.400  -77.909  -52.605   82.685   39.971 -169.792
612    4.143 -103.709    1.867  175.636 -169.178  -89.397  -45.159   79.000   45.523 -172.030
613  -12.198 -118.601    7.373  167.606 -177.421  -62.288  -49.707   55.683    6.789 -151.971
614  -12.318  -98.781   20.511  170.197  176.204  -63.024  -47.420   34.997  -17.007  173.787
615  -17.130  -95.847    3.715  176.344 -179.679  -75.512  -48.037   70.124    2.215    7.211
616   -3.609 -107.626  -37.699 -152.630 -172.334  -56.133  -65.291   62.081  -28.364  156.842
617  -14.187 -105.427  -28.914 -163.493 -167.778  -64.901  -56.989   85.203    8.249  165.759
618   17.581 -109.901  -13.937 -171.103 -170.260  -76.139  -60.708   96.348  -14.630 -157.705
619    4.941  -96.441   -7.012  176.875 -173.450  -66.484  -57.450   85.569  -21.329   15.741
620  -24.158  -89.867  -15.175 -176.921 -175.868  -51.372  -50.446   58.814    0.109  -23.036
621  -19.314 -109.839   -8.885  172.213 -179.510  -63.066  -53.411   58.374   30.603    6.836
622  -14.377  -75.678  -26.018 -150.540 -178.333  -87.803  -59.357   53.041   65.204   -8.570
623    4.354 -110.598  -25.843 -176.769 -177.038  -73.670  -64.693   56.244   54.494   -1.217
624   -3.812  -82.071   -3.567  174.181  179.730  -73.786  -48.787   59.601   21.663  178.114
625  -10.699  -90.280   -1.182  171.775 -161.685  -96.403  -28.877   46.280   31.800 -172.270
626   -7.494 -109.959  -28.937 -170.857  178.936  -64.708  -55.091   70.828   36.086  154.704
627  -34.695  -99.672   -9.918 -178.042 -178.401  -64.589  -42.116   64.036   12.274  173.136
628    6.062 -101.876  -20.876 -173.926 -178.190  -71.314  -51.368   86.697   -3.130  173.459
629    8.941  -87.273   18.426 -167.852 -178.377  -72.851  -50.180   47.620  -30.839    2.929
630  -18.341  -91.846   -6.805  174.222 -173.998  -60.575  -51.836   83.249   23.558 -171.552
631    0.104  -90.403  -18.467 -162.665 -177.441  -73.285  -52.653   80.917   40.878 -178.040
632  -12.124 -109.932  -26.849 -174.829 -174.883  -58.887  -55.302   67.634   27.136 -153.314
633  -12.492  -72.337  -28.071 -158.805 -169.543  -70.965  -63.019   73.922    6.246 -154.004
634    8.626  -85.856  -26.877 -171.632 -179.997  -77.417  -43.265   44.044   25.608 -162.104
635    0.615  -95.773   -0.881  171.749  178.940  -91.626  -51.141   50.974   63.109 -164.608
636  -33.557  -87.828  -22.857 -170.731  175.561  -55.527  -60.318   95.841   -2.948  174.757
637   -8.166  -86.796  -33.039 -158.776 -170.354  -68.310  -55.603   95.892   -0.532   42.569
638   -5.441  -91.770  -31.090 -162.028 -170.315  -69.006  -50.868   91.297  -14.344    1.093
639  -25.331 -115.076  -31.646 -159.976  175.013  -68.638  -49.511   84.233    0.665  -29.134
640    8.912 -101.042  -19.292 -160.471 -165.524  -89.462  -42.992   78.148   21.300  -48.763
641  -11.594  -98.627  -18.560  179.791 -177.426  -72.788  -40.862   93.587   51.444  177.162
642  -12.552  -93.307  -14.046 -173.349 -171.089  -70.708  -52.408   85.673   42.852   79.032
643  -10.457  -99.159   -9.481  172.579  170.093  -52.691  -53.726   77.903   43.718  172.119
644   -3.783 -107.471   -1.215 -173.468 -179.054  -71.771  -56.255   67.791   12.485 -155.586
645    6.482  -98.569   -9.469 -172.091 -177.624  -70.589  -52.024   68.219   -4.796  -19.570
646  -11.165  -83.885  -28.391 -163.887 -179.851  -82.928  -51.968   37.012   48.360  132.482
647  -16.274  -97.714  -22.352 -179.747 -177.467  -51.136  -42.616   74.901   -7.201 -173.055
648  -18.098 -101.640  -29.296 -162.768 -177.517  -71.576  -49.513   79.613   44.103  179.088
649    9.370  -89.868  -11.244 -177.507 -178.912  -78.329  -59.580   79.021   55.055  176.318
650   -6.877  -95.818   -8.818  178.977 -178.994  -59.493  -51.556   68.529   51.040   12.144
651  -13.137  -70.118  -22.111 -163.805 -171.351  -71.443  -62.692   74.184   11.778  159.503
652   -6.410  -78.273  -28.348 -177.521 -167.704  -77.694  -50.907   60.075   30.444 -178.166
653    9.695  -69.961  -35.779 -172.466  161.212  -69.699  -66.496   46.491   60.708 -169.523
654   -9.641 -117.550    2.337  177.581 -172.207  -78.947  -52.292  106.067   41.600  153.460
655    6.712  -93.531  -22.759 -159.610 -177.947 -100.285  -55.476   39.921   43.134 -175.011
656   -3.545  -88.256  -23.174 -164.166 -176.892 -130.131  -68.141   54.565   95.635  172.785
657   23.000 -104.859    6.843 -175.447  178.302  -80.429  -52.171   57.201  -30.249  169.062
658  -10.958  -94.057  -15.040 -173.352 -178.062  -82.518  -53.150   20.439   55.647  173.199
659  -16.138  -97.775  -21.361 -178.982  176.156  -75.715  -45.326   69.557   37.141  135.252
660  -11.859 -103.220  -13.419  177.569 -175.525  -72.400  -55.469   70.115  -30.625 -177.221
661  -11.198 -107.914  -18.673 -162.110 -178.543  -71.074  -54.607   83.462    6.721 -171.319
662   -0.671 -113.515  -15.556 -172.757  179.450  -64.889  -58.071   73.714   24.857   21.973
663  -15.030 -101.183   -7.929 -176.229 -174.635  -75.769  -50.382   75.361   37.290  173.474
664  -22.168 -104.143  -28.644 -169.168 -171.322  -64.059  -52.927   79.399   47.501 -176.184
665  -24.932  -95.467   -7.168 -174.785 -167.391  -83.357  -48.630   97.954    5.296 -173.753
666  -34.052  -93.231  -27.018 -177.185 -179.800  -89.956  -54.460   28.170   74.658 -163.395
667  -30.780 -105.269   -6.107 -168.539  177.706  -78.076  -55.198   90.552   28.078   27.998
668  -22.615  -96.386  -23.145 -140.728  174.247  -77.918  -65.752   70.755  -42.763  -26.752
669  -26.144 -109.706  -12.809 -168.091  172.437  -78.413  -44.917   80.577   27.212 -136.075
670  -28.671  -95.824  -16.110 -164.991  175.411  -56.953  -80.689   57.642  -12.673    2.963
671    7.080  -89.070    3.747 -179.469 -178.911  -79.311  -44.989   69.087   31.412 -164.162
672  -11.057 -120.993  -24.840 -177.549  178.494  -80.321  -42.309   75.337   41.052 -159.729
673   10.463  -89.708  -19.560 -164.321 -172.070  -79.961  -48.073   61.838   23.949 -162.101
674  -12.017  -93.819   -2.899  173.143 -175.592  -71.623  -52.236   79.502   50.413 -155.116
675   -8.213 -116.665  -13.716 -173.294 -170.916  -64.302  -55.622   76.132   13.365  135.588
676  -11.280  -97.745   -4.703 -174.869 -170.596 -168.625  -61.697   75.077  141.666 -165.185
677  -39.629  -97.142  -12.620 -165.499  178.651 -133.633  -62.033   51.419  101.478 -149.895
678  -30.246  -77.821  -28.156 -152.662 -164.457 -154.568  -66.542   46.572  121.875 -171.224
679   -1.991 -114.107  -21.057 -155.781 -176.494 -132.808  -54.304   31.032   79.832 -176.058
680 -115.423  -97.706  -23.499 -167.820 -176.547  -67.906  -56.409   85.758   27.457  123.144
681  -73.635  -88.986  -14.294 -175.938 -174.295  178.703  -51.191   66.375  141.395  169.779
682 -101.967  -93.435   -4.768 -176.702 -174.599 -155.363  -50.120   48.200  133.207 -173.846
683  -30.438  -96.442  -24.058 -150.675 -177.871 -175.604  -56.243   74.205  138.365  173.628
684  -32.384  -98.218   -8.727 -162.907  172.048 -155.122  -69.276   48.503   92.156  156.898
685  -17.161  -93.312  -18.725 -178.568  173.309  -86.699  -67.598   58.113   89.477 -135.572
686 -108.347  -84.246  -11.836 -161.016  171.421 -140.792  -73.177   59.444  108.198  145.829
687  -75.050 -115.534  -23.760 -173.651 -174.748 -169.363  -62.640   75.035  104.775 -155.816
688 -117.898  -92.449  -18.003 -161.638 -172.775 -156.744  -58.929   41.995  117.114  145.083
689  171.179  -74.577   -8.938  178.802  172.603 -132.095  -50.201   30.949  112.627  175.935
690  -26.619 -108.967   -1.967  160.886  177.874 -149.290  -60.132   75.076  142.369 -178.946
691  -22.160  -96.400  -35.273 -168.678 -171.481 -144.557  -56.500   19.825   91.533    3.959
692   -4.889  -67.797  -12.150 -173.916  176.831 -156.355  -56.313   58.232  120.764  -20.958
693  -26.453  -99.298  -15.118  179.926  176.162 -173.912  -45.983   67.328  135.050   -5.984
694   -9.049  -95.771    3.700 -174.290  173.970 -164.904  -53.617   56.911  124.225 -170.882
695  -21.531 -112.093  -15.032 -179.918 -176.446  -78.781  -58.684   20.976   63.402 -150.215
696   -4.662 -107.532  -18.197  166.249  170.910  -90.977  -59.210   50.000   80.674 -165.232
697  -27.484 -106.429  -36.305 -162.379  171.768 -122.754  -59.355   31.661   76.647  175.064
698   -1.872  -85.270  -29.297  176.716  173.643 -102.761  -51.995   50.075   90.396  178.697
699  -24.942 -115.784    3.064  173.996 -169.067  -54.048  -55.106   83.102    7.840 -175.818
700  -20.399  -85.605   -9.537  173.739 -169.759  -62.472  -48.567   51.037   41.933  142.862
701  -14.450 -101.477  -33.515 -163.994 -178.216 -110.478  -57.057   48.205   60.754   -9.621
702   -9.748 -118.516   -9.197 -172.569 -171.938  -93.253  -44.808   73.742   43.665 -177.935
703  -88.648  -98.761  -19.958 -174.920 -177.887 -135.204  -73.660   50.478   86.171  175.978
704 -101.258  -88.682  -18.919 -159.827 -175.961 -163.801  -54.989   56.567  126.257 -160.664
705   -1.067  -84.001  -20.984 -170.865 -174.959  -78.880  -58.836   56.232   65.436 -173.943
706    6.445  -84.321  -11.650 -179.783 -165.839  -80.321  -47.400   52.925   23.698    5.619
707  -20.887  -87.246  -11.317 -177.499  178.725  -94.397  -55.376   36.517   75.049   -4.314
708   -5.369  -95.296  -11.949 -155.068 -169.078  -70.838  -56.594  119.489    1.124  -24.894
709  -18.999  -75.690  -11.557 -162.687  179.923  -98.561  -42.050   25.489   51.060  -11.037
710    4.643  -88.420   -5.896  177.139  173.507  -68.330  -54.941   70.756   45.839  169.476
711   -5.190  -98.732   18.669  163.256  174.802  -60.089  -56.198   80.806   31.654 -168.070
712  -21.622  -83.687  -16.179 -171.748 -168.229  -82.583  -44.417   93.748   43.949 -155.977
713    0.451 -108.936   -8.893  166.032 -167.964  -79.999  -54.540   46.256   57.382 -179.208
714  -18.757  -94.915  -20.739 -160.679  178.490 -142.625  -56.612   57.913  123.415 -176.603
715  -20.656 -114.907  -12.599 -176.166  172.236 -142.864  -53.451   63.734  117.130   32.018
716   11.909  -93.311   -3.281  178.705  172.235   86.322  -49.742   13.699 -137.471  -18.523
717  -19.481  -87.952    3.328 -176.272 -173.518  -81.718  -58.395  100.006   64.708    5.922
718    4.390  -89.827  -33.966  176.440  179.160 -111.632  -63.655   38.525  100.074   -7.690
719    6.029  -99.912    7.406  155.256  174.024 -127.409  -68.242   58.220  119.234    6.823
720  -21.990  -97.479  -28.395 -160.067  176.344 -137.684  -61.388   61.339  111.968   10.438
721  -16.333  -96.449  -35.322 -160.379  179.574 -126.496  -54.463   42.139   53.423   -5.370
722  -10.330  -73.980  -20.658 -172.936 -171.183 -145.937  -59.218   52.774   86.210  -18.216
723  -16.663  -92.801  -22.430 -158.654  170.155 -133.004  -57.513   44.206  109.816   20.736
724   -0.284  -98.018  -12.469 -170.312 -176.080 -147.918  -59.654   67.338  136.734  176.657
725  -37.945  -78.590  -28.248 -163.738 -178.772 -142.612  -58.060   50.347   98.870 -164.599
726   -2.283 -101.024  -38.760 -165.382 -178.631 -154.532  -56.276   55.771  114.920 -177.910
727   -5.409  -91.677   13.101  160.485 -173.052  -98.118  -55.950   70.707   48.300  154.617
728  -38.121  -91.409    7.770 -178.787  175.394 -104.822  -58.367   33.964   48.039  166.815
729  -12.000  -89.437  -22.387 -156.872  170.622 -158.887  -50.743   45.443  100.807  157.117
730  -11.145  -99.686    1.945 -174.063 -176.989  -68.073  -50.734   66.985  -13.486    1.115
731   19.457  -79.723   -1.869 -168.579 -179.923  -58.815  -51.505   40.044   -3.674   -2.299
732   23.428 -107.755  -27.773 -161.035  169.781  -83.400  -47.143   89.108   31.791 -152.527
733   -5.961  -92.035  -12.159 -167.477 -172.294  -55.502  -36.432   45.715   -7.117  179.997
734   16.769  -91.478    4.534 -153.488 -174.490  -66.401  -42.730   18.151  -36.249  179.870
735   -7.249 -110.830   15.747  174.525  178.210  -39.377  -56.253   13.470  -33.072   -4.423
736   -3.793  -97.581    5.651 -162.669 -178.406  -62.054  -70.002   55.796  -29.017   17.245
737   -4.294  -89.738    0.813 -167.192 -170.186  -54.086  -49.426    0.987    4.310  -27.886
738   -7.109  -79.801    6.526 -175.102 -168.833  -57.634  -49.243   35.307   -2.103  -11.583
739    7.217  -92.487  -16.748 -166.022 -172.431  -59.872  -41.339   49.415   -4.005  -14.358
740  -15.933 -101.024   13.414  165.607 -179.465  -47.903  -52.374   38.285  -15.602  178.622
741  -33.276  -95.871  -34.904 -146.357 -174.791  -46.151  -54.496   47.149    3.102 -179.846
742    1.563  -99.039   -7.101 -161.818  177.145  -63.236  -56.033   46.315  -16.417  153.702
743   20.937 -108.530   -9.397 -170.693  179.326  -67.002  -43.624   61.757    4.688 -164.880
744   -6.864  -85.517  -10.137 -175.732 -179.628  -68.403  -61.560   84.852    8.775 -176.944
745   13.735 -106.819   -1.180 -170.464 -176.575  -77.722  -52.783   64.601    3.758 -158.768
746    0.266  -95.169   -7.788 -166.654  179.049  -64.258  -54.491   91.661   -9.509  150.832
747   15.725  -80.070  -10.759  171.583 -172.719  -78.060  -50.138   96.782   -8.402 -177.534
748  -22.292 -112.950  -21.221 -157.291  178.794  -75.887  -51.231   67.335   45.278  168.972
749  -22.802 -116.204   -3.239  168.592  177.262  -60.449  -50.048   50.836  -13.709  178.336
750  -10.468 -102.189  -24.470 -161.145 -170.356  -76.963  -44.049   65.771   43.115  176.507
751  -18.531 -113.532  -24.590 -167.938 -174.775  -74.493  -51.104   95.066   34.482 -167.791
752   25.942 -103.724    2.208 -167.685 -174.694  -63.735  -46.766   22.936  -14.645 -145.162
753  -30.117  -99.970    4.528 -162.384  170.568  -39.159  -62.131   37.447   12.705 -173.231
754  -35.714 -107.471  -45.605 -148.347  177.179  -70.519  -62.958   76.684   -0.449    2.445
755  -31.048 -100.597  -21.214  179.442 -164.202  -63.108  -57.709   77.816   38.621   11.778
756    6.485  -99.668   -5.591  179.685  178.687  -38.691  -53.236   65.383   -0.347   -6.563
757    4.630  -93.453  -12.108 -161.479 -178.405  -70.783  -50.793   78.325    4.999   -7.404
758   15.778 -103.955   14.443  143.191 -173.770  -66.870  -42.823   68.183    5.111  162.612
759  -15.889 -104.639  -20.520 -153.594 -169.844  -75.240  -54.373   91.049  -21.138  153.825
760    9.016 -105.367  -12.284 -175.224 -178.401  -43.716  -53.115   58.877   -0.766   33.081
761    3.316 -104.456  -33.148 -160.593 -168.971  -69.962  -51.795   63.036   -1.733    4.375
762  -24.965 -100.423   -7.508  175.774 -168.090  -62.723  -56.095   94.799   37.548 -166.961
763    8.801  -98.531  -11.719 -177.272 -178.006  -67.871  -54.474   75.323    8.222  -10.265
764   -3.819  -90.685  -12.995 -168.374 -179.199  -75.829  -53.833   70.128   44.085  159.526
765   -1.729  -96.061    4.202 -176.468  178.799  -49.515  -47.040   17.905  171.009  -15.137
766  -22.728  -93.919   -7.226 -151.616 -178.238  -61.844  -50.501   19.269  124.844  -10.056
767   -8.738 -102.351    3.545  178.488 -179.317  -40.057  -53.734   33.507  161.933  177.102
768  -18.584  -87.455  -15.046  178.329 -177.418  -64.276  -61.886   70.568 -161.462  173.456
769    5.797  -90.460  -23.594  176.203 -171.890 -167.690  -60.283   60.373  -45.656  163.731
770    9.602 -100.242   -7.023 -151.972 -161.346  -54.680  -61.931   41.392  173.771   15.824
771  -18.089  -95.377   21.691 -174.937 -172.841  -71.211  -33.875   -0.320  151.014   20.573
772  -15.779 -111.404  -30.301 -166.468  176.320  -87.074  -41.087   42.399 -144.872  -14.396
773  -49.496  -91.215  -11.036 -172.968 -178.706  -75.594  -42.509   71.710  154.930   -2.165
774    1.509  -98.400  -33.124 -157.539 -168.081  -45.520  -56.919   37.323  160.790    0.738
775  -10.643 -107.704   10.402 -176.848  173.918  -73.330  -78.686   61.754  173.341  170.138
776   -0.962  -64.954   -9.701 -128.036 -176.390  -69.674  -51.133   77.346  119.763  177.743
777  -13.833  -92.189   -3.545 -156.566 -174.804  -68.063  -43.221   24.945 -166.107  -12.368
778  -13.534 -100.681   -2.805 -174.601 -168.323  -84.254  -52.079   42.687 -131.980  168.918
779  -31.230  -89.931  -18.134 -167.866 -169.284 -130.954  -56.746   38.481  -96.093 -178.124
780   -6.359  -66.629   -7.453  170.277  175.185  -86.269  -51.611   54.612 -147.183  -12.944
781  -24.893 -103.113  -12.072 -175.073  179.031  -22.846  -46.942   43.805  147.369    9.586
782   -7.907  -61.685   -5.542  158.507  178.674 -130.023  -73.141   46.152  -48.049  173.750
783   -0.509  -81.124  -19.253 -166.483  178.428 -159.861  -50.436   58.497  -25.343   24.269
784  -24.522  -99.579  -20.630 -153.674 -178.029  166.635  -57.596   50.389  -29.370  -19.343
785  -10.077 -103.544  -31.795 -156.516 -172.554 -145.547  -57.816   36.253  -75.875  167.496
786   -2.225  -86.100  -20.401  163.984  172.276  -95.526  -53.101   47.313 -102.786  147.990
787  -18.935 -100.259  -21.171 -178.241 -174.301  -70.800  -57.732   51.049 -127.279   15.902
788  -35.877  -85.599   -0.269  153.748 -176.174  -68.998  -65.584   26.656 -118.909   39.855
789  -13.747  -64.903  -22.965  176.143  179.614  -82.918  -58.879   43.395 -122.962  170.370
790    8.737  -68.451  -22.798 -171.686  176.784  -69.585  -62.451   25.223 -133.591    4.347
791    0.720  -65.203  -20.890 -165.961  176.048  -84.502  -44.254   48.861 -135.187 -166.554
792   -4.817  -82.640   -9.279 -170.715 -169.437  -81.021  -60.044   54.903 -127.771 -140.730
793  -10.091  -87.647  -40.444 -167.782  174.378  -75.199  -58.296   32.835 -135.888  169.640
794   11.528  -60.580    0.606 -172.342 -178.404  -70.304  -45.152  -19.244 -170.291   24.124
795  -24.181  -91.116   14.956  147.872 -179.505  -64.977  -66.708   40.692 -131.696   19.038
796  -31.552  -83.030  -30.464 -164.199 -177.017  -65.573  -61.789   64.025 -130.364  -21.564
797  -19.294  -91.791  -25.524 -175.009 -178.343  -68.777  -49.142   33.862 -129.735    5.892
798   -2.101  -86.061  -14.071  172.209 -178.590  -72.871  -41.463   35.668 -142.697 -179.201
799  -18.467 -104.119  -30.029 -175.023  179.207  -72.725  -61.459   14.219 -110.850 -153.013
800   -7.253 -100.353  -32.253 -163.456  177.637  -73.118  -48.489   54.405 -155.145   11.816
801   -9.795  -84.345  -28.831 -174.648  173.690  -72.008  -61.543   30.441 -122.160   -1.386
802  -13.263  -64.834  -20.225 -161.354 -172.488  -66.965  -33.629   57.274 -174.186  -29.420
803  -23.326  -90.047  -19.226 -175.280  177.980  -59.437  -64.267   70.542 -123.163   18.787
804  -31.867  -93.832  -27.185 -178.645  164.221  -71.273  -52.334   50.875 -112.437 -171.094
805    1.115 -119.760   -9.045  178.707  169.758  -84.316  -54.227   35.985 -105.618 -168.434
806    8.820 -102.303  -42.219 -164.206  178.573  -57.536  -59.666   26.739 -151.231 -154.923
807  -24.172 -103.951  -33.994 -178.746 -167.259  -71.489  -37.209   76.497 -148.875 -177.877
808    3.015  -98.673    6.078  153.529 -175.366  -63.212  -52.157   43.077 -179.122  171.763
809  -13.562  -84.221   -4.219  139.800 -175.957  -72.626  -59.249   47.152 -100.283  151.782
810  -23.331  -87.248  -12.549 -177.311  179.715  -85.902  -49.658   28.327 -127.186 -161.098
811  -16.891  -98.471  -11.720  179.436  176.641  -51.237  -45.455   46.149 -172.672  155.576
812  -16.798  -82.283  -25.135 -173.406 -178.704  -95.903  -60.085   40.683 -112.352   -6.677
813  -23.504 -107.011  -12.236  161.604  170.289  -58.875  -57.724   28.878 -118.128  -31.616
814  -15.253  -88.974  -23.275 -165.282 -174.069  -92.011  -53.314   17.211 -119.700   17.408
815  -31.473 -105.865  -21.378  176.583 -172.513  -61.079  -52.700   54.094 -139.799    6.323
816    0.383  -93.011  -12.589 -177.574  173.806 -111.304  -47.460    9.571 -118.157    3.622
817  -13.783 -109.978   -5.958  175.111 -175.150  -75.724  -54.008   54.156 -136.965    6.386
818  -19.980 -109.169  -37.136 -168.992 -179.618  -64.779  -49.255   72.545 -138.797    5.948
819   13.304  -96.691  -24.492  175.563 -171.238  -78.115  -54.790   55.624 -122.316 -147.992
820  -17.532 -100.105  -26.898 -162.048  173.870  -77.034  -56.175   43.163 -116.887   -0.928
821    6.440 -102.245  -19.038 -176.522 -178.255  -77.920  -50.131   52.915 -134.001   26.770
822  -12.299  -80.971   -6.562  171.593 -173.544 -112.103  -47.113   39.824 -115.882  177.975
823    3.123  -96.975   -7.241 -179.876 -169.872  -98.541  -36.231   18.423 -155.830  168.834
824   -8.484  -99.207  -29.314 -167.012 -179.224  -80.909  -53.569   42.453 -124.605   -7.277
825  -22.285  -94.410   -3.094  168.214  178.974  -89.051  -40.457   42.502 -132.305    1.187
826   -9.281  -93.524   -2.281  154.003  164.914 -110.445  -65.502   40.885  -79.618    5.956
827  -23.705  -78.189  -23.020 -158.593 -179.537 -103.635  -61.140   35.632 -134.832   -0.558
828   -6.289  -30.304  -17.740 -178.904 -173.380  -97.560  -52.074   50.020 -126.136   29.139
829  -83.323  -67.232  -23.778  172.358  167.991  -74.869  -50.838   36.678 -134.418  -18.701
830  -51.644  -61.675   -5.419  168.398  178.611  -94.242  -55.603   47.252 -100.546   23.068
831 -109.377  -69.099  -23.753  179.923  174.382  -74.803  -53.294   16.569 -128.906    3.844
832    2.852  -93.846  -15.309 -175.499 -176.847  -77.034  -45.516   37.910 -167.446 -153.351
833  -31.694  -94.714  -31.841  174.611 -174.481  -69.015  -54.929   44.592  -92.864 -168.269
834  -18.212  -95.327  -32.801 -168.777  177.197 -121.430  -61.482   54.652  121.173   10.287
835  167.334  -93.681  -17.606  163.287  171.340 -114.061  -67.560   69.594  133.276    5.956
836   10.517 -117.072  -23.847 -161.926 -161.248  -75.257  -63.634   54.934  -11.741   -3.335
837  -19.070  -89.941  -22.440 -169.195 -178.477 -104.754  -37.541   16.665   19.467 -141.097
838  -38.445 -109.804  -30.296  176.728  178.923  -65.109  -52.478   52.492   53.587 -179.750
839  -16.480  -93.284   -9.533 -177.540 -174.879  -87.946  -38.005   38.317   61.043    2.014
840  -13.380 -100.407  -15.096 -171.052 -179.517  -61.468  -53.100   50.908   19.810  -10.068
841  -24.775 -107.721  -20.801  172.898 -176.997  -85.088  -45.948   30.359   51.498  178.562
842  -13.657 -114.841  -16.307 -176.440 -173.500  -88.694  -64.492   42.218   89.719  157.925
843   -1.735  -88.298  -20.480  176.674  173.928  -95.326  -67.407   56.542   47.129  156.417
844   22.001  -66.432  -26.919 -156.718  168.654 -144.001  -66.609   44.523   92.949 -169.911
845   -6.292  -98.732  -35.668 -161.687  163.568  -86.782  -42.829   25.145   46.998  159.630
846    7.478 -107.689  -32.821  179.160  170.447  -78.855  -66.663   50.124   75.203 -166.396
847  -10.053 -100.778  -32.185 -170.655 -178.190  -61.853  -55.697   56.032   30.587 -171.744
848  -37.791  -88.647    2.730 -179.928  161.283 -146.962  -59.755   65.683  109.328 -160.065
849  -27.809  -83.098  -27.230 -175.149 -179.590 -118.661  -61.553   82.831  107.946 -159.866
850   -5.060 -111.196  -21.536  176.655  170.638  -74.852  -46.660   26.010   55.849  176.923
851  -19.801 -105.469  -24.876 -173.264  179.871  -63.925  -54.395   48.594    3.026  173.022
852  -20.741  -93.836  -21.009 -159.876  168.344 -151.056  -51.760   55.385  108.965 -176.120
853   -4.318 -112.885  -22.031 -168.908  166.679 -154.787  -43.134   65.872  126.885 -151.328
854  -16.123 -100.547  -44.462 -168.720  175.473  -87.475  -49.608   19.371   73.621  178.566
855  -10.219  -88.041  -28.442 -159.609  174.388  -95.493  -49.528   21.072   52.148 -170.739
856  -10.504 -105.289  -20.736  174.470  176.372  -70.745  -45.468    5.335   55.332 -177.966
857   -2.390 -103.173  -26.587 -169.933  171.244  -76.471  -68.257   17.271   89.369 -153.036
858  -30.300 -119.104  -28.658 -171.806 -162.806  -86.184  -49.042   62.601   46.338   -0.997
859  -37.213  -93.682   -5.554  172.024 -171.557  -72.437  -44.128   48.675   65.330  -36.591
860    5.103  -80.883  -16.052  173.497  176.383  -78.198  -64.271   47.454   96.158   36.339
861   -9.405  -88.380  -32.006  179.811 -177.261  -79.764  -55.953   54.212   96.889   25.596
862  -13.245  -95.485  -29.294 -169.787 -172.821  -63.623  -41.890   71.216   -4.554  -23.678
863    2.989 -104.759  -20.472 -170.856  172.748  -74.365  -64.078   45.324   52.301 -166.208
864  -96.460  -80.608  -19.337 -170.692 -175.785  -86.955  -53.807   17.498   56.228 -173.508
865 -114.652  -89.130   -9.270 -176.709 -167.420  -80.550  -56.110   17.355   53.384 -152.133
866  -64.334  -88.112  -16.969 -172.051  176.606  -76.490  -46.255   61.801   50.980 -176.289
867  -23.684  -76.609  -31.216 -163.760 -168.787  -97.825  -55.605   42.640   43.755 -176.962
868   -7.426  -84.708  -25.175  175.846 -174.216  -78.152  -58.553   83.043   64.747    7.322
869  -14.541 -122.759  -22.389 -168.201 -178.506 -112.137  -58.257   37.345   66.413  175.068
870   -7.470  -58.038  -21.488  160.580 -179.339  -74.321  -72.474   47.003   68.326    2.693
871  -12.391  -79.377  -14.298  179.360  168.118  -55.170  -48.117   85.342    9.747  166.203
872   -8.611 -104.303  -31.415 -162.437 -178.633  -86.073  -57.040   45.877   72.176 -146.726
873   -3.123  -82.133  -37.706  169.949 -172.847 -100.275  -87.209   56.309  113.153 -176.067
874    7.222  -90.841  -33.051 -163.860  176.832  -96.047  -49.485   20.723   64.154 -175.341
875   14.351 -106.630  -28.944 -171.260  177.878  -73.464  -55.828   12.690   60.863 -163.979
876  -30.205  -90.926   -5.306 -159.471  177.900  -85.824  -51.432   33.919   50.163  158.257
877  -41.751  -92.690  -15.400 -172.824  166.708  -90.407  -54.835   45.476   38.698 -171.249
878  -32.787  -76.728   -6.524  170.783  163.640  -66.424  -49.491   49.973   22.174 -154.842
879    8.826  -99.151  -42.849 -173.299  171.629  -69.200  -50.910   42.125   38.358  166.094
880  -17.390 -100.581   10.423  169.716 -176.502  -84.039  -58.328   20.210   30.558 -160.501
881  -78.137  -68.449  -10.888  176.745  178.960  -78.807  -41.393   38.785   21.438  146.488
882  -20.185  -93.936  -18.506 -169.426  176.792  -55.889  -67.076   53.999   28.889  163.352
883  -26.567  -90.961    2.539  165.631  172.100  -66.949  -55.860   60.315   40.148  165.119
884   -6.155  -90.720   -6.836 -175.592 -173.478  -67.251  -55.491   73.054   14.401 -168.096
885    9.843  -89.261  -14.459 -171.731  175.705  -81.427  -60.591   36.161   63.613  153.280
886  -22.549  -94.097  -25.957 -177.215  169.253  -72.171  -76.436   71.713   53.577   29.981
887   -6.106  -87.614  -21.489 -171.155  176.168  -71.628  -50.422   29.592   38.437 -156.821
888  -22.917  -99.408  -18.401  161.215  167.408  -71.483  -66.431   40.306   70.660  177.159
889  -23.095  -93.199  -15.630  177.638  179.685 -100.631  -54.243   38.848   70.438  170.906
890   -7.445 -102.301  -31.870 -157.504  176.436  -79.287  -62.307   43.339   39.495  170.782
891   13.971  -98.913  -26.427 -169.602  173.121 -110.866  -57.429   29.718   59.884  174.963
892    4.628  -95.029  -34.962 -163.592 -168.923  -92.926  -50.837   52.040   41.660  158.792
893  -13.562  -95.799  -15.555  178.648 -177.306  -81.253  -54.761   42.090   40.254 -151.345
894    9.187  -73.972  -37.088 -174.783 -178.270  -74.201  -48.204   57.110   16.054 -139.281
895  -33.910  -91.594   -8.921  171.321  176.503  -93.567  -53.009   43.011   45.371 -160.934
896  -12.475  -82.402   -1.610  176.139 -177.773  -90.962  -46.933   31.537   42.889  152.816
897  -39.485  -69.868  -19.881 -175.627  167.371  -55.514  -55.928   62.191   19.689   11.755
898   -9.992 -110.057  -34.209  169.199 -173.132  -65.465  -42.790   18.889   45.606  152.001
899  -20.728  -72.848    5.869  171.004  173.345  -78.410  -58.410   77.050   83.287  168.857
900  -19.402  -86.333  -20.800 -177.709  167.712 -127.546  -79.988   63.917  119.916   -3.297
901  -11.531 -100.187  -23.556 -178.149  176.224  -87.576  -47.967   36.124   81.514 -152.770
902   -8.969  -70.477  -21.629  177.920  162.672  -93.803  -55.895   42.625   47.827 -179.973
903   -6.867  -68.067  -39.005 -160.672  174.783 -100.679  -52.368   45.834   63.552 -152.243
904    3.972  -80.933   -7.969  167.311 -174.892  -51.532  -44.300   17.579   31.835  163.813
905  -11.948 -101.760  -14.144  163.249 -173.054  -75.187  -58.386   24.008   58.720 -165.194
906    0.387  -79.949  -20.789 -174.907 -167.968  -71.013  -54.372   38.632   61.429  174.260
907   -9.847 -102.733   -6.118  155.720 -176.252  -62.820  -46.903   42.752   33.083 -150.418
908  -18.841  -89.168  -27.499  167.295 -163.992  -72.767  -46.566   32.357   62.612    2.107
909  -18.386 -100.451   -7.362  175.687 -174.042  -60.556  -43.200   37.288   23.162 -177.554
910    5.908  -89.301   -1.040  165.832 -162.355  -58.236  -48.120   52.639   54.775 -156.337
911  -13.273  -91.716  -39.650 -168.930  179.842  -71.693  -64.033   52.212    3.651  167.146
912   -2.380 -109.022  -28.423 -167.660 -173.577  -72.410  -52.277   69.963   46.450  169.995
913  -15.614  -74.876  -22.707 -176.595 -175.036  -66.560  -42.832   62.875   48.682 -176.810
914   12.671  -89.695  -24.663  170.387 -166.648  -70.755  -57.576   29.379   87.331   32.557
915    9.247  -80.691   -1.723  168.850  175.492  -67.089  -52.808   55.146   33.705   -0.748
916  -22.862  -91.036  -19.471  174.186  179.977  -52.052  -48.009   59.143   57.557  166.256
917    3.090  -47.502    5.782  157.404  176.098  -80.606  -56.818   40.254   59.671  -21.434
918  -61.893  -83.913  -26.348 -171.877 -179.771  -70.972  -46.872   59.117   41.261  -24.856
919  -27.450 -106.552  -31.925 -158.654 -177.280  -64.761  -44.863   35.763   26.758   35.716
920  -11.793  -97.796  -19.363  175.775 -178.827  -57.840  -50.049   56.261   30.601  -33.340
921  -13.301 -101.062  -26.180  178.191 -169.081  -70.719  -44.960   31.486   60.818 -151.155
922  -40.455    7.099  -19.915  172.140 -175.097 -107.784  -54.260   39.626   87.029 -161.677
923  -23.570  -91.082  -38.986 -168.169  178.902  -86.880  -65.905   19.302   49.735  179.614
924   -7.013  -99.628  -23.787 -176.051  172.833  -64.414  -56.326   78.523   18.553  143.826
925    4.621 -104.369   -7.239  164.883 -175.379  -82.998  -60.917   33.341   48.232  -24.700
926  -93.924  -67.221    5.762 -174.637  178.437  -86.779  -48.911   54.503   53.383  -18.670
927  -83.165  -81.788  -19.077  170.780 -175.585  -66.979  -50.458   11.008   58.812    7.767
928   -7.641 -107.590   -8.797  179.908 -178.624  -77.716  -51.656   63.655   57.604   32.710
929  -20.356 -119.751  -33.298  174.308  179.165  -57.349  -56.547   43.582   58.977 -151.908
930  -11.120 -105.627  -17.964  178.687 -174.825  -68.108  -47.327   64.196   32.934 -160.416
931   -3.041 -107.090  -29.779 -165.138  178.887  -66.358  -51.410   66.379   52.101  173.811
932   -7.183  -95.336  -18.066 -164.083 -179.378  -65.171  -43.412   23.703   12.760   16.294
933   -9.666  -92.096  -38.248 -160.609 -173.431  -70.398  -48.183   33.143   35.989   30.505
934   -4.247  -93.136    6.111  166.103 -177.619  -80.918  -48.644   64.931   43.051  178.422
935  -18.367  -94.972  -42.971  174.466  167.019  -42.203  -67.166   24.360   71.442 -171.531
936   -3.286  -98.768   -9.196  161.763 -175.696  -64.420  -56.316   28.195   53.599   22.123
937   -4.821 -117.163  -37.414 -169.652 -175.864  -67.065  -63.380   24.511   65.499  176.017
938    2.939 -108.709  -28.066  179.245 -175.200  -76.500  -53.318   17.542   59.659  176.505
939  -26.110 -112.464  -17.368 -174.150  174.910  -77.517  -58.167   31.552   44.448   20.248
940   -3.553  -78.766  -22.358 -177.837 -161.837  -71.201  -65.494   47.696   12.919   -9.351
941   21.957  -76.941  -26.346 -179.882  170.813  -72.831  -58.716   30.794   68.278  -32.966
942  -18.392  -94.713  -30.308  177.414  167.948  -56.081  -53.818   70.512   49.927    5.945
943   11.534  -83.247   -6.990  167.887  175.137  -66.630  -51.307   26.798   38.274  178.794
944   -7.610 -105.622  -30.644  172.979 -170.123  -84.244  -47.831   30.703   28.573  149.119
945  171.510  -72.334  -30.895 -168.502 -172.781  -91.615  -55.758   27.879   60.145  167.560
946  -11.053  -93.341  -15.759 -173.075 -175.531  -64.415  -46.832   40.201   48.095 -152.173
947  -32.993  -79.870  -22.769  170.476  178.232  -60.377  -61.128   28.844   46.239  130.756
948  -70.679  -66.161  -21.422  174.271  179.919  -78.650  -63.528   66.063  132.714 -159.687
949 -124.722  -98.181  -12.401  178.580  178.348  -55.592  -40.218   16.217   46.507 -142.243
950  -71.279  -73.874  -15.732  158.739 -179.602  -66.790  -55.584   47.571   36.810    8.795
951 -105.733  -98.791  -25.828  173.543 -165.904  -84.882  -51.264   31.725   68.038  165.103
952  -66.674  -78.745  -28.007  163.829 -177.694  -78.539  -63.106   38.599  144.423  176.218
953   -8.449  -68.457  -18.145  178.454 -173.366  -99.857  -55.441    6.674  101.118  175.036
954 -101.887  -91.067  -16.437 -179.962 -174.704  -70.916  -47.401    3.342   54.341  171.003
955   46.062  -62.072  -10.538  174.474 -176.522  -61.066  -60.642   78.266   12.237  157.675
956  -28.576 -106.602  -25.741 -170.524  179.695  -71.901  -48.287   34.144   20.200  -16.067
957   11.823  -94.355   -3.091  176.124 -171.159  -68.761  -36.269   46.958   32.312  148.217
958  -12.676  -86.591  -23.324  178.634  176.407  -66.991  -59.718   61.086   51.116 -161.570
959  -18.575 -105.047  -10.363  177.648 -169.363  -75.518  -44.962   68.244   45.952   -7.381
960  -24.545  -86.467  -12.343 -179.012 -177.606  -57.545  -58.102   84.595   12.476   -2.387
961   14.697  -20.623    5.796 -161.509  170.015  -48.228  -59.260   11.008  -18.883 -172.454
962   -8.688  -86.695  -17.273 -154.966 -170.374  -43.215  -50.351   -2.321   -2.284  179.576
963    4.989  -48.878   18.764 -153.443  162.184  -61.369  -50.529   32.624  -13.688 -158.167
964    0.411  -74.458  -34.761 -168.780 -178.334  -72.721  -59.959   36.808   67.269 -165.539
965    2.658 -104.182    5.778  169.453 -178.386  -80.147  -61.277   45.690   52.590 -142.277
966  -31.824  -80.537  -47.013 -155.522 -172.661  -72.369  -39.894   46.044   11.449  154.709
967   -6.487 -105.422   -3.357 -162.659 -178.659 -165.768  -68.452   66.209  117.380 -162.639
968   -7.399  -99.095  -15.831 -158.803 -174.296  -68.062  -47.616   54.192   10.583 -176.376
969   -1.527  -91.792    8.224 -163.658  175.200  -64.573  -56.433   65.877    6.567 -169.879
970  -10.468  -94.287   -4.463  165.813 -172.061  -66.930  -36.849  135.996 -143.735    1.806
971   -6.760 -119.352  -29.577  177.521 -174.500  -72.592  -58.753  177.234  172.622  172.723
972   24.421  -86.022  -14.520  173.116  178.045  -79.220  -62.711 -169.618 -108.377 -168.778
973    9.921 -100.644  -24.279 -169.633 -170.873  -88.936  -55.822  177.485  -55.660  155.912
974   -0.557  -71.711  -16.540  162.268  179.413  -93.976  -52.833 -160.731  -53.513 -153.277
975  -22.819 -101.571  -17.672 -161.601 -168.728 -110.007  -37.231  139.502 -103.921 -153.665
976   -8.133  -82.184   -5.013  161.527 -179.972  -84.730  -63.981  167.703  -90.388   56.815
977  -17.521  -68.279  -28.305  167.035  178.517  -71.409  -54.194  161.500  -82.789   21.879
978  -36.569  -87.501   10.804  132.183 -176.623  -71.362  -53.106   62.878  -67.452    1.243
979    7.223  -90.760   -7.752 -176.379 -172.757  -96.998  -53.450   37.697   76.814  178.833
980    0.287  -73.173  -33.076  176.107 -159.164  -80.698  -57.519   48.724   56.712 -163.445
981  -21.022  -96.746    3.303 -176.099  176.901 -145.694  -65.353   62.938   92.491 -164.986
982  -25.388  -70.730  -17.086 -174.965  171.615 -126.405  -60.198   61.482   99.284 -160.470
983   -4.872 -104.409  -13.658  169.498  175.031  -88.150  -51.376   19.305   47.988 -171.188
984    4.701  -75.442  -30.019 -168.108  171.623  -72.794  -61.198   19.669   56.091 -149.026
985   -0.436  -93.102  -21.040  179.109  169.363  -74.985  -67.220   25.599   56.364  168.432
986   -3.434  -84.099  -39.827 -172.479 -178.385  -70.694  -56.461   30.183   40.077  160.472
987  -15.496 -101.576   -1.310 -174.748 -176.593 -108.388  -41.220   50.535   52.122  134.353
988  -12.023 -109.318  -54.017 -161.988 -176.810 -100.371  -61.301   62.649   40.003 -158.903
989    5.883  -81.959  -38.072 -168.322 -171.964  -91.367  -55.581   38.334   30.751 -150.497
990    8.472  -56.713   16.559 -166.981 -175.508  155.213  -63.248   36.439  103.351  170.720
991   13.931  -99.084  -25.468 -158.400  170.535 -179.547  -55.437   67.895  134.682  179.039
992  -26.044  -92.203   -9.853 -179.136  174.071 -124.992  -59.931   42.588   90.370 -164.804
993  -13.924  -92.888  -12.405 -176.756  166.371 -144.858  -66.601   70.965  120.744 -179.070
994    6.045  -75.607  -38.740 -170.223  175.941  -86.756  -62.579   28.193   46.879  177.687
995   -9.321 -104.895   -8.943 -177.987  179.473  -74.298  -57.788  104.708   26.161 -176.993
996   -1.116  -66.419  -22.207  178.913  172.836  -78.103  -48.087   37.963   50.407   10.722
997   -6.005  -81.065  -11.175  163.459  173.895  -72.432  -38.299   47.413   31.310  169.340
998    7.389  -92.710   -3.871  166.646 -170.800 -141.166  -59.959   51.609  -77.306   23.183
999    3.868  -95.217   10.230  165.618 -175.239 -100.666  -59.363   41.504 -113.156 -177.431
1000   -6.660  -79.487  -24.778 -173.944  166.949  -79.352  -53.424   44.683 -146.672  -18.912
