  Frame #         RMSD         rGyr      intraHB        MolSA         SASA          PSA
        0        0.000        5.570            0      324.963      108.120      207.356
        1        0.456        5.551            0      328.309       89.822      202.444
        2        0.495        5.423            0      326.318      103.244      208.314
        3        0.384        5.561            0      329.884      101.750      209.133
        4        0.309        5.591            0      327.493       88.389      206.821
        5        0.497        5.477            0      326.965       80.575      203.673
        6        0.469        5.591            0      328.887       96.900      205.300
        7        0.312        5.634            0      327.460       89.082      203.425
        8        0.580        5.471            0      328.643       70.342      209.640
        9        0.399        5.464            0      326.536       81.828      210.748
       10        0.433        5.452            0      329.120       67.266      211.698
       11        0.261        5.543            0      327.263       83.789      207.062
       12        0.562        5.489            0      328.170       65.738      211.076
       13        0.392        5.529            0      325.530       89.818      205.731
       14        0.393        5.555            0      328.037       92.304      204.896
       15        0.491        5.515            0      326.685       84.265      210.254
       16        0.422        5.514            0      327.636       90.113      208.235
       17        0.291        5.542            0      326.551       92.813      208.094
       18        0.545        5.377            0      327.299       70.468      210.799
       19        0.375        5.667            0      330.269       93.947      207.097
       20        0.608        5.511            0      327.759       77.427      202.166
       21        0.394        5.596            0      327.196       83.135      208.485
       22        0.457        5.594            0      329.044      109.766      205.608
       23        0.376        5.583            0      328.340      102.387      206.163
       24        0.393        5.653            0      327.680      111.830      205.993
       25        0.570        5.739            0      329.567      114.666      202.551
       26        0.660        5.464            0      324.844       98.220      207.322
       27        0.376        5.579            0      327.615      108.377      203.737
       28        0.330        5.487            0      325.147      102.113      208.650
       29        0.342        5.530            0      326.313      111.452      207.583
       30        0.530        5.602            0      326.618      105.702      198.280
       31        0.337        5.472            0      327.498       92.914      206.832
       32        0.593        5.462            0      326.554      100.491      205.853
       33        0.278        5.541            0      324.825      107.080      205.176
       34        0.448        5.648            0      330.795      114.545      208.452
       35        0.403        5.583            0      326.311       93.992      197.702
       36        0.528        5.584            0      328.072      112.587      209.144
       37        0.414        5.631            0      330.050      119.664      207.378
       38        0.661        5.521            0      326.902       84.144      206.049
       39        0.641        5.530            0      326.103       86.761      208.870
       40        0.371        5.639            0      327.960       70.155      206.061
       41        0.539        5.648            0      329.538       92.164      209.139
       42        0.304        5.640            0      325.317       90.901      209.052
       43        0.369        5.620            0      327.219      101.638      207.963
       44        0.401        5.614            0      328.778      112.888      207.664
       45        0.350        5.641            0      326.469       88.095      203.976
       46        0.498        5.666            0      329.474       72.380      208.756
       47        0.505        5.530            0      325.816       90.452      203.370
       48        0.427        5.625            0      327.878       71.059      211.210
       49        0.485        5.613            0      328.459       96.276      205.379
       50        0.751        5.527            0      329.704       86.283      212.690
       51        0.435        5.632            0      329.571      100.299      209.877
       52        0.384        5.626            0      328.691       90.131      208.103
       53        0.309        5.557            0      327.782       99.251      211.331
       54        0.419        5.653            0      327.039       99.900      203.554
       55        0.614        5.648            0      325.531       91.756      205.877
       56        0.618        5.515            0      324.509      102.507      199.031
       57        0.524        5.624            0      326.344       54.585      206.812
       58        0.381        5.655            0      329.711       91.497      206.596
       59        0.595        5.669            0      328.471       68.985      208.877
       60        0.605        5.721            0      330.374       73.108      206.469
       61        0.373        5.703            0      328.615       96.619      211.036
       62        0.472        5.533            0      328.067      113.003      208.032
       63        0.371        5.612            0      326.495       85.521      207.115
       64        0.384        5.561            0      326.776       95.011      206.017
       65        0.458        5.555            0      327.452      104.872      206.482
       66        0.510        5.634            0      327.799      114.166      205.051
       67        0.439        5.616            0      327.327       78.896      208.790
       68        0.601        5.542            0      328.406       83.127      213.062
       69        0.522        5.501            0      324.953       79.232      207.513
       70        0.430        5.632            0      329.645       74.308      207.887
       71        0.678        5.686            0      329.046       78.328      206.058
       72        0.527        5.629            0      328.638       91.666      207.920
       73        0.486        5.579            0      328.445       88.726      208.442
       74        0.547        5.653            0      329.900       96.580      211.729
       75        0.464        5.625            0      326.397       91.998      204.820
       76        0.414        5.612            0      330.442       78.961      210.159
       77        0.499        5.605            0      326.847       85.737      206.320
       78        0.404        5.653            0      328.583       91.266      213.575
       79        0.364        5.616            0      327.439       76.545      206.844
       80        0.352        5.593            0      329.106      102.116      208.481
       81        0.538        5.529            0      328.333      114.228      203.565
       82        0.420        5.586            0      326.235       86.737      203.082
       83        0.512        5.579            0      327.009       74.389      207.851
       84        0.417        5.627            0      327.456      112.247      204.561
       85        0.418        5.518            0      329.662       79.589      209.113
       86        0.479        5.571            0      326.054       90.778      206.447
       87        0.707        5.609            0      326.549       81.722      201.534
       88        0.411        5.631            0      328.419       95.824      208.183
       89        0.634        5.654            0      328.340       99.786      204.367
       90        0.411        5.589            0      328.819       87.974      212.489
       91        0.563        5.636            0      328.727       92.556      207.158
       92        0.495        5.593            0      327.660       77.799      204.816
       93        0.403        5.697            0      328.196       82.060      205.309
       94        0.447        5.577            0      327.597       89.588      212.960
       95        0.363        5.615            0      326.725       89.701      202.763
       96        0.488        5.596            0      327.947       93.248      204.754
       97        0.563        5.579            0      329.846       90.601      208.082
       98        0.286        5.523            0      324.325       95.002      207.630
       99        0.444        5.594            0      328.883       88.216      204.642
      100        0.481        5.580            0      326.694       84.727      206.393
      101        0.407        5.630            0      323.577       80.223      200.223
      102        0.491        5.625            0      326.073       82.480      209.915
      103        0.389        5.573            0      325.211       74.447      204.344
      104        0.492        5.623            0      328.053       73.101      203.183
      105        0.543        5.612            0      327.057       70.204      207.679
      106        0.432        5.575            0      327.209       70.992      208.891
      107        0.426        5.595            0      326.918       92.451      207.584
      108        0.648        5.520            0      325.890       80.348      206.169
      109        0.398        5.556            0      324.684       87.777      203.905
      110        0.555        5.621            0      328.203       95.393      205.999
      111        0.403        5.606            0      326.525       87.178      206.244
      112        0.466        5.560            0      325.220       88.566      204.888
      113        0.330        5.612            0      326.056       81.452      209.280
      114        0.423        5.516            0      325.878       89.563      207.497
      115        0.415        5.680            0      326.802       93.720      207.211
      116        0.416        5.578            0      326.595       90.087      208.566
      117        0.428        5.621            0      325.643       94.336      204.874
      118        0.540        5.496            0      327.392       88.070      208.336
      119        0.468        5.521            0      328.937      114.130      207.420
      120        0.535        5.520            0      329.190       84.693      208.824
      121        0.421        5.579            0      325.502      106.535      210.159
      122        0.444        5.577            0      327.513      100.877      204.303
      123        0.757        5.470            0      326.741       63.154      201.145
      124        0.505        5.639            0      329.126       92.493      209.195
      125        0.502        5.660            0      326.268       98.991      204.985
      126        0.575        5.619            0      326.964       71.798      205.203
      127        0.629        5.533            0      326.009       69.068      206.501
      128        0.214        5.578            0      324.089       91.470      206.630
      129        0.536        5.565            0      328.873       77.122      209.660
      130        0.528        5.686            0      328.840       86.111      201.771
      131        0.484        5.652            0      327.678       92.334      205.692
      132        0.551        5.699            0      329.563       96.147      202.704
      133        0.671        5.462            0      325.120       76.832      206.047
      134        0.528        5.632            0      329.762       84.060      210.159
      135        0.603        5.568            0      325.914       80.619      205.146
      136        0.633        5.632            0      326.211       79.869      201.177
      137        0.495        5.504            0      324.745      101.471      204.580
      138        0.490        5.562            0      326.389      100.132      202.222
      139        0.380        5.669            0      325.745       97.983      207.554
      140        0.422        5.652            0      327.906      109.102      208.621
      141        0.423        5.631            0      324.801       93.247      206.559
      142        0.526        5.649            0      324.906       87.647      205.572
      143        0.630        5.699            0      329.759       63.853      205.024
      144        0.493        5.664            0      327.603       75.136      205.857
      145        0.539        5.639            0      326.599       80.580      203.172
      146        0.505        5.648            0      328.806       94.984      208.615
      147        0.481        5.639            0      328.316      101.109      205.681
      148        0.424        5.671            0      327.937      115.460      207.553
      149        0.646        5.555            0      326.345       76.553      205.135
      150        0.476        5.627            0      326.722       80.486      205.096
      151        0.310        5.629            0      329.408       80.077      209.447
      152        0.496        5.553            0      324.557       77.409      209.066
      153        0.511        5.663            0      328.701       92.046      203.697
      154        0.479        5.617            0      328.355       86.129      207.958
      155        0.317        5.597            0      325.413       99.634      205.619
      156        0.559        5.649            0      328.157       94.949      205.789
      157        0.554        5.576            0      325.607      109.854      206.073
      158        0.577        5.565            0      326.593      104.013      205.035
      159        0.612        5.601            0      326.412       90.715      205.995
      160        0.547        5.502            0      324.965      105.299      204.788
      161        0.479        5.633            0      328.177       99.678      202.444
      162        0.485        5.643            0      326.983      120.718      206.425
      163        0.375        5.657            0      328.633      101.499      208.149
      164        0.367        5.591            0      325.901       81.901      206.723
      165        0.564        5.597            0      328.042       82.055      208.942
      166        0.487        5.651            0      326.948       78.971      204.044
      167        0.350        5.658            0      326.395       78.386      205.810
      168        0.432        5.519            0      324.634       78.849      204.521
      169        0.472        5.613            0      325.879       88.021      203.999
      170        0.405        5.568            0      327.226       77.411      210.617
      171        0.336        5.657            0      328.422       79.302      208.099
      172        0.625        5.632            0      327.344       74.466      209.655
      173        0.424        5.574            0      326.623       78.800      211.409
      174        0.342        5.623            0      324.933       66.241      207.792
      175        0.305        5.588            0      327.353       96.596      208.253
      176        0.317        5.658            0      326.644      100.575      206.283
      177        0.392        5.620            0      326.609      106.596      204.222
      178        0.467        5.574            0      328.456       94.922      204.226
      179        0.625        5.552            0      326.925      124.116      201.411
      180        0.401        5.558            0      328.761       79.945      207.956
      181        0.592        5.580            0      328.621       84.791      206.726
      182        0.450        5.706            0      328.560      107.961      205.377
      183        0.419        5.571            0      327.759      101.566      210.096
      184        0.603        5.512            0      326.155       83.932      207.579
      185        0.702        5.607            0      329.531       86.737      208.856
      186        0.428        5.617            0      329.530       85.563      211.013
      187        0.523        5.477            0      324.617      102.890      204.908
      188        0.440        5.612            0      325.737      104.517      203.709
      189        0.817        5.639            0      322.772      111.967      195.807
      190        0.320        5.586            0      329.580      100.265      210.238
      191        0.438        5.541            0      328.630       96.459      208.917
      192        0.824        5.595            0      323.951      117.351      198.592
      193        0.646        5.617            0      327.239       77.792      203.651
      194        0.443        5.616            0      327.063       85.472      202.044
      195        0.693        5.518            0      327.194       56.645      208.618
      196        0.457        5.634            0      328.711       77.877      205.419
      197        0.350        5.589            0      325.861       94.932      210.814
      198        0.671        5.574            0      328.718       95.479      207.969
      199        0.433        5.630            0      327.985       79.476      204.342
      200        0.445        5.598            0      329.483       78.750      208.125
      201        0.463        5.634            0      325.923       84.447      204.383
      202        0.803        5.651            0      327.600       77.321      198.798
      203        0.405        5.594            0      326.493      108.385      203.227
      204        0.434        5.691            0      327.512       69.353      205.146
      205        0.422        5.614            0      326.759       97.124      203.653
      206        0.408        5.519            0      326.097       94.560      207.459
      207        0.499        5.442            0      324.970       98.787      206.643
      208        0.449        5.649            0      325.250       97.540      209.028
      209        0.388        5.700            0      330.664      106.492      207.853
      210        0.978        5.649            0      326.673      104.514      198.703
      211        0.407        5.466            0      323.639      111.356      205.721
      212        0.555        5.629            0      332.008       85.215      210.158
      213        0.545        5.642            0      327.725       95.220      202.545
      214        0.490        5.446            0      322.877       96.651      206.505
      215        0.698        5.605            0      325.891      117.121      198.749
      216        0.582        5.572            0      324.554      110.764      199.254
      217        0.668        5.587            0      327.517       93.489      201.720
      218        0.639        5.573            0      325.737      133.648      206.487
      219        0.351        5.584            0      325.982      119.790      207.301
      220        0.490        5.646            0      324.634      129.280      199.179
      221        0.381        5.504            0      322.844      109.548      205.089
      222        0.623        5.643            0      323.958      119.987      197.071
      223        0.541        5.705            0      328.568      121.751      201.190
      224        0.858        5.662            0      326.583      159.687      199.969
      225        0.599        5.598            0      325.328      131.235      202.624
      226        0.548        5.635            0      326.663      126.812      203.730
      227        0.520        5.622            0      325.336      126.861      204.064
      228        0.653        5.654            0      327.953      134.888      205.283
      229        0.694        5.650            0      329.351      117.106      202.582
      230        0.578        5.608            0      324.823      124.299      201.238
      231        0.546        5.583            0      324.756      126.185      203.134
      232        0.300        5.554            0      328.817       90.796      212.497
      233        0.549        5.646            0      325.254      118.916      203.424
      234        0.410        5.618            0      329.940       87.728      203.015
      235        0.582        5.600            0      324.730       91.176      207.456
      236        0.506        5.571            0      326.978       63.599      212.114
      237        0.568        5.638            0      329.820       88.621      202.672
      238        0.449        5.618            0      326.926       89.037      207.692
      239        0.966        5.639            0      329.205      126.188      207.770
      240        0.446        5.671            0      328.078      102.486      208.638
      241        0.640        5.603            0      323.635      109.154      201.785
      242        0.665        5.690            0      325.003      118.589      203.397
      243        0.552        5.688            0      327.171      109.123      200.486
      244        0.563        5.695            0      330.244       85.830      204.401
      245        0.523        5.580            0      326.361       93.738      205.883
      246        0.514        5.592            0      327.359       86.235      209.187
      247        0.538        5.601            0      329.216      102.710      205.813
      248        0.588        5.492            0      326.801       81.773      211.265
      249        0.475        5.719            0      327.084      109.186      202.018
      250        0.518        5.589            0      327.043      102.294      206.223
      251        0.603        5.560            0      324.480      103.917      201.854
      252        0.649        5.590            0      325.848       99.591      202.012
      253        0.650        5.617            0      323.626      110.791      198.856
      254        0.658        5.696            0      327.356      130.320      199.379
      255        0.568        5.587            0      326.786      124.932      200.956
      256        0.698        5.603            0      322.813      116.386      204.699
      257        0.611        5.645            0      325.665      124.467      203.975
      258        0.517        5.634            0      325.885      125.354      204.792
      259        0.690        5.625            0      325.216      114.047      203.170
      260        0.532        5.653            0      325.935      129.037      200.063
      261        0.444        5.624            0      326.783      126.621      199.209
      262        0.667        5.606            0      325.914      129.622      200.676
      263        0.422        5.602            0      325.792      102.977      205.581
      264        0.772        5.651            0      325.215      131.428      201.225
      265        0.742        5.565            0      325.542      133.036      199.397
      266        0.640        5.580            0      325.258       99.023      202.148
      267        0.560        5.664            0      326.190      119.977      203.212
      268        0.607        5.642            0      326.553      122.320      197.610
      269        0.638        5.599            0      324.084      128.620      202.673
      270        0.729        5.615            0      326.856      120.276      201.094
      271        0.638        5.596            0      323.220      143.444      200.310
      272        0.674        5.580            0      325.315      121.933      204.373
      273        0.722        5.679            0      327.455      135.060      197.464
      274        0.505        5.579            0      330.248      116.545      207.555
      275        0.786        5.635            0      324.086      112.397      196.030
      276        0.492        5.609            0      326.319      128.932      205.504
      277        0.671        5.624            0      325.356      126.195      201.524
      278        0.520        5.613            0      325.539      127.585      200.737
      279        0.622        5.637            0      325.424      117.556      197.662
      280        0.713        5.579            0      326.160      130.209      199.981
      281        0.687        5.610            0      325.858      121.648      200.288
      282        0.606        5.674            0      325.597      126.464      200.716
      283        0.737        5.585            0      324.623      134.108      201.657
      284        0.782        5.626            0      324.507      103.780      198.346
      285        0.568        5.579            0      324.621      123.713      202.997
      286        0.939        5.535            0      323.269      112.747      197.265
      287        0.614        5.663            0      327.048      106.877      200.620
      288        0.630        5.662            0      326.432      109.361      199.301
      289        0.712        5.620            0      325.693      112.015      199.676
      290        0.606        5.593            0      326.743      123.412      201.433
      291        0.757        5.514            0      324.427      127.149      200.694
      292        0.581        5.593            0      322.288      126.148      200.011
      293        0.628        5.635            0      326.033      109.957      198.502
      294        0.584        5.682            0      326.361      108.279      200.391
      295        0.725        5.547            0      324.693      132.565      203.608
      296        0.720        5.581            0      322.627      121.006      198.467
      297        0.628        5.737            0      326.896      124.631      197.707
      298        0.488        5.690            0      329.374      116.315      203.642
      299        0.688        5.595            0      322.915      130.274      195.993
      300        0.819        5.610            0      324.225      144.018      197.257
      301        0.703        5.697            0      325.850      127.348      202.326
      302        0.660        5.607            0      325.798      115.826      201.392
      303        0.732        5.632            0      327.453      119.839      202.840
      304        0.642        5.595            0      325.240      126.498      202.275
      305        0.664        5.556            0      325.099      130.299      201.054
      306        0.646        5.615            0      325.533      118.750      198.774
      307        0.616        5.626            0      324.129      145.379      194.849
      308        0.692        5.620            0      324.902      123.575      201.267
      309        0.612        5.598            0      323.534      133.664      202.074
      310        0.775        5.677            0      325.312      135.930      202.206
      311        0.752        5.633            0      324.962      123.847      198.730
      312        0.758        5.655            0      323.308      110.090      198.092
      313        0.673        5.524            0      326.440      111.279      203.990
      314        0.566        5.544            0      322.617      100.822      203.596
      315        0.708        5.702            0      328.265      108.478      201.012
      316        0.596        5.627            0      325.517      111.506      198.522
      317        0.661        5.597            0      322.961      126.016      199.867
      318        0.727        5.625            0      324.092      126.068      201.239
      319        0.661        5.559            0      324.994      123.362      203.596
      320        0.699        5.656            0      325.541      126.087      201.684
      321        0.550        5.600            0      326.452      147.925      209.006
      322        0.766        5.594            0      325.364      146.391      199.238
      323        0.621        5.700            0      329.846      124.835      204.585
      324        0.623        5.571            0      324.492      124.566      201.389
      325        0.748        5.575            0      323.828      134.691      200.744
      326        0.664        5.621            0      325.843      127.050      202.803
      327        0.693        5.650            0      327.142      128.823      202.424
      328        0.634        5.580            0      323.985      118.797      198.038
      329        0.642        5.605            0      325.069      134.158      203.966
      330        0.731        5.495            0      320.784      127.746      197.743
      331        0.588        5.597            0      325.794      114.713      200.842
      332        0.697        5.602            0      324.004      109.235      199.039
      333        0.730        5.614            0      325.784      126.827      191.682
      334        0.671        5.646            0      325.412      132.429      201.413
      335        0.658        5.730            0      329.449      126.372      205.079
      336        0.683        5.674            0      325.440      129.098      199.794
      337        0.802        5.573            0      323.752      142.330      202.056
      338        0.593        5.534            0      323.785      115.676      199.141
      339        0.562        5.614            0      326.559      109.540      199.367
      340        0.627        5.600            0      326.198      111.895      203.320
      341        0.590        5.622            0      325.862      119.127      201.394
      342        0.699        5.647            0      323.818      139.798      195.957
      343        0.709        5.666            0      329.467      127.595      202.556
      344        0.642        5.643            0      325.322      112.502      199.623
      345        0.530        5.626            0      326.986      106.996      202.948
      346        0.598        5.534            0      325.413      134.411      202.252
      347        0.725        5.627            0      326.872      158.741      196.534
      348        0.545        5.595            0      326.340      130.350      200.372
      349        0.603        5.597            0      325.470      111.904      200.946
      350        0.723        5.598            0      324.471      120.354      198.203
      351        0.681        5.630            0      327.973      121.830      204.970
      352        0.720        5.613            0      325.906      124.451      198.129
      353        0.624        5.566            0      324.612      132.853      202.993
      354        0.643        5.701            0      326.771      115.153      200.735
      355        0.558        5.553            0      322.556      126.262      196.940
      356        0.587        5.495            0      322.274      122.909      201.461
      357        0.563        5.711            0      328.740       92.182      202.541
      358        0.688        5.613            0      324.576      121.516      204.531
      359        0.657        5.631            0      326.054      119.108      197.254
      360        0.713        5.656            0      325.282      104.708      199.864
      361        1.031        5.645            0      325.042      127.349      195.230
      362        0.686        5.678            0      326.430      106.680      198.336
      363        0.523        5.575            0      324.859      101.998      200.945
      364        0.647        5.654            0      326.483      113.277      199.163
      365        0.632        5.660            0      326.345      113.617      201.893
      366        0.526        5.566            0      325.215      108.173      204.395
      367        0.721        5.702            0      329.439      109.255      204.837
      368        0.581        5.556            0      325.422      123.004      200.379
      369        0.589        5.588            0      325.440      108.916      206.015
      370        0.618        5.575            0      325.289      115.823      197.771
      371        0.640        5.700            0      325.509      102.322      197.968
      372        0.714        5.585            0      323.634      101.199      199.845
      373        0.505        5.614            0      327.318      105.692      210.954
      374        0.606        5.638            0      324.424       97.227      203.519
      375        0.653        5.585            0      324.153       96.313      198.783
      376        0.568        5.567            0      323.535      104.285      200.640
      377        0.781        5.725            0      325.258       99.517      197.280
      378        0.566        5.608            0      325.675      134.742      197.946
      379        0.668        5.553            0      322.376      110.855      199.525
      380        0.687        5.616            0      321.512      108.997      190.294
      381        0.686        5.649            0      323.724      116.875      199.536
      382        0.725        5.629            0      326.163      132.737      202.554
      383        0.727        5.591            0      326.290      109.585      203.731
      384        0.674        5.624            0      325.962      102.424      201.574
      385        0.623        5.589            0      327.453      107.610      205.125
      386        0.577        5.678            0      325.368      117.315      201.153
      387        0.620        5.547            0      324.945      115.318      197.694
      388        0.689        5.662            0      325.489      114.604      199.519
      389        0.778        5.635            0      326.757      103.812      201.590
      390        0.616        5.646            0      324.105      138.067      199.039
      391        0.675        5.583            0      325.802      123.588      204.838
      392        0.614        5.617            0      324.779      118.545      203.394
      393        0.653        5.623            0      324.783      123.864      201.792
      394        0.820        5.690            0      325.640      129.362      202.964
      395        0.742        5.598            0      324.968      122.125      199.011
      396        0.721        5.571            0      322.237      115.367      196.353
      397        0.649        5.594            0      325.103      118.911      202.097
      398        0.688        5.545            0      322.758      122.211      196.994
      399        0.687        5.669            0      327.258      142.838      203.557
      400        0.673        5.698            0      326.830      132.594      200.475
      401        0.641        5.570            0      324.508      132.799      202.340
      402        0.643        5.698            0      328.202      135.385      204.381
      403        0.625        5.607            0      326.832      127.388      198.235
      404        0.679        5.665            0      325.776      128.653      199.158
      405        0.749        5.594            0      325.955      108.269      204.926
      406        0.768        5.571            0      323.541       80.755      199.121
      407        0.596        5.625            0      325.060      124.579      197.268
      408        0.618        5.610            0      325.519      132.829      200.734
      409        0.621        5.537            0      323.621      125.812      200.242
      410        0.636        5.584            0      324.420      121.956      201.618
      411        0.709        5.615            0      325.017      109.154      196.099
      412        0.631        5.620            0      328.037      112.313      203.474
      413        0.827        5.529            0      324.965      133.086      206.220
      414        0.694        5.645            0      324.991      127.511      195.257
      415        0.777        5.574            0      325.445      130.815      199.493
      416        0.746        5.565            0      324.137      123.486      195.738
      417        0.644        5.520            0      323.343      123.953      203.878
      418        0.623        5.617            0      327.860      121.326      204.460
      419        0.625        5.572            0      325.783      119.818      204.615
      420        0.689        5.578            0      324.911      116.823      196.622
      421        0.675        5.606            0      322.831      104.691      193.939
      422        0.620        5.676            0      326.694      123.897      198.212
      423        0.661        5.618            0      325.156      122.481      201.603
      424        0.674        5.582            0      324.906      124.193      198.478
      425        0.634        5.670            0      326.457      108.591      200.811
      426        0.662        5.648            0      326.201      125.003      202.124
      427        0.716        5.607            0      324.577      119.164      203.620
      428        0.725        5.597            0      323.009      125.092      196.171
      429        0.655        5.635            0      324.559      122.315      201.790
      430        0.698        5.620            0      325.455      115.447      200.049
      431        0.678        5.654            0      325.732      116.386      203.732
      432        0.665        5.592            0      326.531      121.242      204.823
      433        0.730        5.543            0      325.148      122.298      202.361
      434        0.597        5.641            0      325.001      129.891      202.004
      435        0.697        5.563            0      324.506      126.732      200.171
      436        0.575        5.700            0      327.130      124.598      199.949
      437        0.652        5.574            0      324.128      114.305      204.741
      438        0.664        5.586            0      322.181      117.871      200.375
      439        0.683        5.680            0      328.098      135.006      201.484
      440        1.015        5.597            0      326.635      160.714      193.754
      441        1.110        5.561            0      322.441      133.142      188.993
      442        1.073        5.680            1      323.694      144.294      184.011
      443        1.052        5.572            0      323.217      155.292      198.495
      444        0.633        5.609            0      326.593      113.189      199.223
      445        0.716        5.580            0      324.948      108.695      203.801
      446        0.751        5.538            0      324.014      110.743      197.058
      447        0.714        5.556            0      323.022       92.078      199.605
      448        0.708        5.621            0      324.322      114.044      196.483
      449        0.650        5.683            0      325.291      125.787      197.374
      450        0.648        5.621            0      324.868      101.947      199.268
      451        0.564        5.664            0      325.998      118.145      198.185
      452        0.634        5.686            0      327.634      106.776      194.751
      453        0.591        5.601            0      326.176      102.434      200.606
      454        0.629        5.632            0      325.324      120.875      204.265
      455        0.705        5.583            0      322.222      111.428      195.747
      456        0.613        5.609            0      328.884      100.877      204.004
      457        0.592        5.587            0      325.379      118.095      202.030
      458        0.681        5.619            0      325.031      111.682      199.241
      459        0.623        5.643            0      325.729       97.951      200.264
      460        0.724        5.647            0      325.715      120.625      197.632
      461        0.679        5.644            0      325.821      112.408      201.202
      462        0.697        5.592            0      325.034      120.569      195.910
      463        0.863        5.608            0      323.189      118.560      199.311
      464        0.601        5.557            0      327.065      123.962      202.311
      465        0.651        5.634            0      324.905      110.381      198.773
      466        0.619        5.646            0      325.940      114.332      197.576
      467        0.636        5.524            0      323.765      100.462      197.246
      468        0.710        5.560            0      325.099      138.442      202.068
      469        0.784        5.593            0      326.100      149.408      203.344
      470        0.737        5.687            0      325.410      113.989      200.294
      471        0.655        5.671            0      326.891      118.575      198.664
      472        0.647        5.627            0      326.521      121.459      200.946
      473        0.881        5.527            0      323.760      117.409      198.003
      474        0.693        5.624            0      323.491      109.013      194.411
      475        0.635        5.548            0      322.486       90.489      203.615
      476        0.646        5.623            0      324.711      125.374      198.005
      477        0.580        5.587            0      326.984      109.669      203.318
      478        0.690        5.657            0      326.314      128.234      200.585
      479        0.614        5.645            0      324.257      120.585      200.354
      480        0.711        5.644            0      325.970      140.635      202.183
      481        0.761        5.486            0      325.001      116.226      208.675
      482        0.737        5.581            0      327.089      126.662      204.142
      483        0.786        5.574            0      324.881      138.695      203.516
      484        0.553        5.607            0      324.498      108.765      200.301
      485        0.702        5.689            0      327.684      124.749      202.968
      486        0.565        5.720            0      326.997      103.725      201.143
      487        0.599        5.639            0      325.572      118.299      202.454
      488        0.681        5.577            0      324.800      101.191      201.052
      489        0.620        5.737            0      328.655       98.656      200.688
      490        0.659        5.584            0      326.720      120.494      205.175
      491        0.731        5.518            0      323.828      105.271      198.182
      492        0.608        5.619            0      324.750      116.110      202.257
      493        0.722        5.598            0      324.399      120.157      196.610
      494        0.723        5.613            0      326.114      101.397      199.260
      495        0.730        5.669            0      324.951      120.449      201.922
      496        0.641        5.530            0      321.573      128.418      197.114
      497        0.746        5.606            0      324.247      125.058      199.374
      498        0.544        5.585            0      322.721      106.623      199.996
      499        0.641        5.667            0      325.886      111.881      201.549
      500        0.658        5.657            0      326.909      130.549      200.877
      501        0.597        5.550            0      324.479      130.384      199.317
      502        0.660        5.602            0      325.331      139.272      202.945
      503        0.512        5.551            0      322.893      135.416      199.930
      504        0.718        5.653            0      326.537      130.629      201.274
      505        0.637        5.660            0      327.099      123.401      202.977
      506        0.667        5.622            0      325.544      118.014      203.425
      507        0.653        5.567            0      324.758      138.606      200.756
      508        0.583        5.686            0      326.515      115.358      200.655
      509        0.663        5.620            0      326.379      118.729      198.196
      510        0.749        5.622            0      323.977      122.059      201.520
      511        0.646        5.613            0      327.363      122.181      200.992
      512        0.688        5.610            0      325.508      132.597      203.228
      513        0.635        5.603            0      324.261      138.072      204.895
      514        0.633        5.537            0      324.071      131.220      203.907
      515        0.663        5.637            0      324.626      110.093      202.825
      516        0.662        5.667            0      328.852      125.476      201.173
      517        0.681        5.643            0      326.211      133.688      197.206
      518        0.713        5.613            0      323.126      109.343      199.596
      519        0.695        5.628            0      326.007      122.494      203.239
      520        0.744        5.700            0      326.171      134.228      197.832
      521        0.602        5.672            0      325.891      134.256      200.763
      522        0.663        5.678            0      325.784      132.015      200.802
      523        0.974        5.576            0      325.136      152.926      201.020
      524        0.625        5.549            0      321.105      127.766      205.418
      525        0.692        5.709            0      328.050      144.637      202.110
      526        0.624        5.593            0      326.403      132.061      203.470
      527        0.630        5.618            0      324.298      135.527      199.126
      528        0.724        5.616            0      324.133      126.504      200.779
      529        0.667        5.684            0      325.840      120.479      197.864
      530        0.759        5.550            0      323.888      130.338      201.355
      531        0.658        5.509            0      321.794      113.347      200.437
      532        0.763        5.621            0      324.900      126.480      198.920
      533        0.698        5.640            0      326.405      123.375      199.877
      534        0.654        5.601            0      325.994      111.512      197.722
      535        0.643        5.633            0      324.798      118.447      199.616
      536        0.664        5.638            0      326.453      117.186      200.836
      537        0.721        5.666            0      326.129      110.430      197.147
      538        0.699        5.701            0      327.779      115.748      201.028
      539        0.712        5.614            0      323.898      102.508      199.396
      540        0.760        5.635            0      325.129      108.325      199.811
      541        0.725        5.625            0      327.933      143.832      206.332
      542        0.730        5.568            0      325.398      112.134      200.065
      543        0.677        5.622            0      325.622      121.957      202.317
      544        0.567        5.605            0      326.342      118.112      203.847
      545        0.650        5.604            0      323.931      105.216      200.546
      546        0.753        5.594            0      323.308      134.265      195.685
      547        0.662        5.563            0      323.420      137.899      198.151
      548        0.702        5.641            0      326.133      123.176      200.298
      549        0.613        5.598            0      324.643      106.120      195.522
      550        0.638        5.562            0      325.906      138.916      208.597
      551        0.670        5.576            0      322.469       96.701      197.118
      552        0.654        5.621            0      323.918      120.295      195.659
      553        0.665        5.513            0      322.273      145.366      195.868
      554        0.603        5.576            0      326.429      107.564      202.194
      555        0.720        5.510            0      323.831      118.543      201.159
      556        0.648        5.548            0      324.029      118.714      199.856
      557        0.665        5.673            0      326.188      119.918      199.532
      558        0.622        5.610            0      324.143      129.550      204.671
      559        0.628        5.628            0      326.019      117.609      199.891
      560        0.680        5.583            0      325.055      124.305      201.364
      561        0.649        5.606            0      325.717      134.749      199.927
      562        0.684        5.581            0      323.962      119.631      197.236
      563        0.730        5.731            0      327.453      131.075      199.082
      564        0.600        5.550            0      324.711      124.939      202.372
      565        0.596        5.604            0      323.576      115.842      200.403
      566        0.484        5.646            0      326.908      116.791      205.908
      567        0.461        5.608            0      324.969      102.524      205.627
      568        0.508        5.557            0      324.511      102.147      200.673
      569        0.614        5.616            0      324.795      128.564      199.673
      570        0.599        5.570            0      323.338      131.560      200.708
      571        0.632        5.671            0      329.191      119.928      204.426
      572        0.419        5.679            0      328.694      113.969      202.975
      573        0.433        5.624            0      324.040       93.702      202.039
      574        0.526        5.624            0      326.235      114.407      202.606
      575        0.368        5.551            0      328.090      106.616      206.289
      576        0.320        5.714            0      327.643      100.110      206.838
      577        0.604        5.605            0      325.399      131.903      201.760
      578        0.630        5.669            0      327.260      130.215      203.482
      579        0.637        5.489            0      323.575       93.931      200.411
      580        0.659        5.571            0      323.613      128.262      198.456
      581        0.700        5.623            0      324.245      117.016      198.050
      582        0.511        5.711            0      330.324      114.150      209.922
      583        0.700        5.610            0      324.473      120.537      197.519
      584        0.714        5.622            0      322.425      120.564      194.668
      585        0.738        5.657            0      324.274      123.894      201.200
      586        0.452        5.539            0      328.988      114.923      207.792
      587        0.494        5.570            0      327.863      114.722      205.937
      588        0.718        5.617            0      323.463       98.759      197.950
      589        0.653        5.639            0      322.536      124.701      196.706
      590        0.608        5.612            0      327.383      110.514      203.433
      591        0.782        5.598            0      324.761      106.914      195.696
      592        0.663        5.727            0      327.471      135.881      199.726
      593        0.479        5.661            0      327.373      106.828      205.736
      594        0.843        5.592            0      322.793      113.959      197.234
      595        0.919        5.580            0      321.438      101.790      193.305
      596        0.790        5.642            0      322.954      115.103      198.930
      597        0.761        5.530            0      323.719      136.242      201.138
      598        0.522        5.474            0      327.577       90.611      209.613
      599        0.720        5.646            0      327.915      129.365      199.482
      600        0.539        5.512            0      323.213      117.286      202.944
      601        0.658        5.662            0      325.355      130.685      195.602
      602        0.825        5.615            0      324.460      124.410      197.327
      603        0.785        5.645            0      325.581      105.876      196.204
      604        0.907        5.587            0      325.576      126.965      200.783
      605        0.749        5.602            0      322.987      113.629      199.979
      606        0.702        5.582            0      324.929      130.122      199.941
      607        0.633        5.618            0      324.125      103.349      198.398
      608        0.630        5.604            0      323.467      121.026      199.739
      609        0.915        5.565            0      326.016      118.602      196.608
      610        0.447        5.625            0      327.092      118.389      203.499
      611        0.533        5.677            0      328.301       97.533      198.838
      612        0.394        5.644            0      325.860       98.397      207.315
      613        0.782        5.642            0      326.006      112.241      203.226
      614        0.656        5.594            0      326.665      135.248      208.431
      615        1.002        5.601            0      323.685      133.772      193.441
      616        0.340        5.614            0      326.867       79.161      206.488
      617        0.349        5.704            0      326.558      104.962      199.775
      618        0.619        5.439            0      325.473       69.314      206.639
      619        0.431        5.589            0      327.785       81.659      208.275
      620        0.488        5.724            0      325.741      101.997      198.925
      621        0.369        5.651            0      325.886       75.386      202.594
      622        0.352        5.561            0      325.945       95.140      204.174
      623        0.641        5.678            0      326.893      104.917      201.514
      624        0.464        5.608            0      325.550      108.488      203.626
      625        0.444        5.497            0      323.615      113.421      204.479
      626        0.618        5.702            0      327.413      128.542      201.050
      627        0.584        5.644            0      327.430      103.115      200.874
      628        0.735        5.604            0      324.622      124.037      199.642
      629        0.622        5.667            0      327.527      122.875      200.991
      630        0.638        5.597            0      325.308      109.358      199.659
      631        0.682        5.688            0      326.048      113.358      201.508
      632        0.666        5.592            0      323.370      139.825      198.227
      633        0.640        5.657            0      327.821      106.144      203.316
      634        0.508        5.595            0      326.163      105.651      208.466
      635        0.503        5.559            0      325.727       90.153      206.703
      636        0.583        5.582            0      326.025      113.463      199.528
      637        0.471        5.613            0      327.576      133.586      207.430
      638        0.465        5.587            0      325.754       97.808      203.896
      639        0.393        5.657            0      327.378      113.175      207.517
      640        0.523        5.562            0      327.419       78.052      207.751
      641        0.437        5.534            0      324.170       79.111      207.493
      642        0.442        5.626            0      328.451       89.999      206.100
      643        0.467        5.691            0      328.993       92.133      204.662
      644        0.354        5.547            0      326.505       91.914      206.008
      645        0.692        5.572            0      324.970      116.261      200.203
      646        0.557        5.523            0      324.677       96.716      206.022
      647        0.433        5.590            0      325.538      106.732      207.537
      648        0.533        5.596            0      326.157       87.246      204.122
      649        0.628        5.517            0      328.591       93.380      206.600
      650        0.675        5.704            0      328.734       98.155      206.542
      651        0.396        5.627            0      328.331       83.541      208.593
      652        0.628        5.643            0      325.653      111.353      196.695
      653        0.612        5.596            0      325.166      107.506      203.715
      654        0.477        5.510            0      326.512      101.636      210.737
      655        0.646        5.634            0      322.558      114.414      198.374
      656        0.670        5.663            0      327.308      114.169      201.514
      657        0.492        5.487            0      321.969      111.125      200.286
      658        0.944        5.537            0      324.050      131.715      200.987
      659        0.554        5.618            0      326.609      106.936      204.953
      660        0.730        5.662            0      326.350      125.912      198.129
      661        0.462        5.592            0      326.641       95.793      204.321
      662        0.758        5.709            0      326.415      129.159      198.033
      663        0.556        5.596            0      326.751      101.411      204.303
      664        0.980        5.574            0      324.472      116.961      203.812
      665        0.767        5.566            0      324.596      126.535      203.147
      666        0.587        5.559            0      321.336      136.828      199.821
      667        0.615        5.662            0      326.859      117.795      197.831
      668        0.577        5.605            0      323.732      107.694      197.326
      669        0.680        5.604            0      325.598      108.568      199.883
      670        0.655        5.618            0      322.397      118.574      194.819
      671        0.657        5.604            0      325.605      134.772      201.921
      672        0.733        5.635            0      324.570      116.886      202.467
      673        0.617        5.619            0      324.533      104.189      200.871
      674        0.733        5.605            0      325.641      115.446      203.819
      675        0.740        5.671            0      324.063      116.062      196.108
      676        0.620        5.572            0      323.187      129.357      199.718
      677        0.698        5.636            0      326.731      105.614      197.496
      678        0.567        5.597            0      325.792      113.186      201.944
      679        0.716        5.612            0      325.009      102.580      204.820
      680        0.668        5.607            0      324.022       91.666      200.834
      681        0.609        5.625            0      326.652      113.068      201.974
      682        0.579        5.612            0      324.037      101.655      202.511
      683        0.591        5.650            0      324.291      107.744      196.974
      684        0.607        5.580            0      324.800      109.725      201.837
      685        0.781        5.667            0      324.707      119.995      198.808
      686        0.757        5.604            0      323.629      136.072      192.373
      687        0.862        5.573            0      322.837      149.104      196.656
      688        0.694        5.634            0      325.501      104.237      199.465
      689        0.727        5.581            0      320.000      109.723      194.586
      690        0.652        5.659            0      326.547      122.592      198.259
      691        0.649        5.603            0      322.739      112.780      197.723
      692        0.707        5.596            0      327.236      129.010      197.419
      693        0.676        5.651            0      324.761      131.092      200.515
      694        0.671        5.667            0      324.725      108.171      198.144
      695        0.656        5.622            0      324.052      137.353      199.845
      696        0.678        5.707            0      327.580       96.890      199.643
      697        0.682        5.633            0      327.910      104.234      201.223
      698        0.718        5.603            0      324.236      116.060      199.289
      699        0.581        5.647            0      326.924      121.086      203.558
      700        0.780        5.536            0      323.484      131.258      202.110
      701        0.572        5.521            0      325.035      123.947      204.314
      702        0.610        5.607            0      324.523      127.204      202.160
      703        0.708        5.507            0      322.282      137.977      196.469
      704        0.613        5.598            0      328.094      119.820      204.624
      705        0.556        5.647            0      326.181      132.108      200.259
      706        0.549        5.611            0      324.841      111.492      202.269
      707        0.624        5.600            0      326.054      118.666      200.441
      708        0.614        5.647            0      327.073      125.811      203.964
      709        0.691        5.636            0      324.284      118.148      198.362
      710        0.674        5.641            0      324.893      111.693      197.955
      711        0.631        5.590            0      324.322      123.070      199.821
      712        0.710        5.561            0      323.602      123.732      201.474
      713        0.480        5.566            0      321.904      126.496      197.443
      714        0.699        5.702            0      327.497      123.212      204.746
      715        0.711        5.621            0      324.036      112.648      199.403
      716        0.704        5.615            0      326.678      106.772      201.883
      717        0.756        5.636            0      324.130      103.872      201.026
      718        0.648        5.616            0      322.978      116.840      201.588
      719        0.722        5.658            0      326.121      119.314      198.593
      720        0.663        5.613            0      327.524      133.173      207.454
      721        0.672        5.605            0      324.433      114.320      199.768
      722        0.602        5.659            0      324.414      102.307      200.594
      723        0.720        5.546            0      325.571      100.962      197.154
      724        0.576        5.669            0      326.197      115.226      200.497
      725        0.612        5.547            0      324.435      112.455      200.034
      726        0.662        5.596            0      326.570      130.785      201.531
      727        0.445        5.585            0      326.006      123.940      207.889
      728        0.575        5.620            0      326.024      115.909      200.750
      729        0.645        5.619            0      323.902      118.081      201.750
      730        0.628        5.641            0      325.397      116.325      203.104
      731        0.609        5.601            0      324.356      122.584      198.418
      732        0.549        5.584            0      325.868      120.648      199.408
      733        0.608        5.616            0      326.395      133.401      202.108
      734        0.638        5.610            0      324.203      124.254      198.860
      735        0.556        5.601            0      325.166      126.567      204.994
      736        0.680        5.632            0      326.263      122.925      199.766
      737        0.731        5.679            0      324.687      130.417      199.750
      738        0.506        5.612            0      326.649      114.555      203.011
      739        0.637        5.560            0      324.961      106.568      200.159
      740        0.675        5.675            0      326.364      114.077      202.100
      741        0.615        5.618            0      324.869      116.580      198.784
      742        0.655        5.605            0      324.179      133.822      202.844
      743        0.793        5.595            0      324.271      132.420      195.199
      744        0.549        5.696            0      327.617      109.560      204.445
      745        0.591        5.630            0      325.565      113.226      198.273
      746        0.648        5.604            0      325.923      123.850      200.949
      747        0.586        5.635            0      326.030      114.595      195.718
      748        0.759        5.624            0      324.576       99.788      199.747
      749        0.910        5.508            0      324.416      141.623      201.346
      750        0.601        5.611            0      323.750       95.316      197.302
      751        0.745        5.593            0      323.950      115.100      196.105
      752        0.593        5.586            0      324.567      108.181      198.288
      753        0.649        5.634            0      325.565      105.050      202.963
      754        0.769        5.619            0      324.205      123.088      194.259
      755        0.691        5.632            0      323.766       99.521      199.220
      756        0.616        5.594            0      325.326      115.572      202.878
      757        0.661        5.551            0      325.065       98.283      207.741
      758        0.740        5.620            0      325.042      122.008      200.719
      759        0.766        5.521            0      326.897      145.286      200.168
      760        0.567        5.576            0      323.117      102.642      201.187
      761        0.645        5.614            0      324.379       95.890      201.785
      762        0.746        5.632            0      327.463       97.963      201.221
      763        0.706        5.666            0      327.701       95.856      199.939
      764        0.629        5.648            0      326.123      100.615      198.266
      765        0.680        5.627            0      325.766       96.710      201.126
      766        0.801        5.592            0      326.387      125.718      202.864
      767        0.643        5.490            0      323.347      102.517      203.270
      768        0.626        5.546            0      323.310      101.168      201.854
      769        0.791        5.633            0      324.731      120.899      191.156
      770        0.743        5.583            0      322.940       96.626      199.123
      771        0.699        5.601            0      326.641       94.398      201.622
      772        0.657        5.640            0      322.836      107.816      198.412
      773        0.642        5.578            0      323.311       85.149      202.079
      774        0.678        5.686            0      326.271      100.146      198.079
      775        0.680        5.718            0      327.999       87.078      198.093
      776        0.614        5.648            0      327.692      101.887      199.546
      777        0.579        5.649            0      325.621      133.406      203.061
      778        0.694        5.654            0      324.917       92.016      195.832
      779        0.564        5.658            0      326.734      128.370      204.565
      780        0.629        5.639            0      327.676      106.824      200.385
      781        0.582        5.525            0      325.034      105.288      201.951
      782        0.605        5.703            0      329.247      112.100      206.234
      783        0.572        5.615            0      324.114      127.922      199.265
      784        0.726        5.632            0      325.595      125.943      194.742
      785        0.658        5.577            0      324.914       97.390      201.697
      786        0.577        5.625            0      326.328      101.771      199.128
      787        0.646        5.530            0      324.338      102.008      201.468
      788        0.628        5.665            0      328.458      119.770      203.473
      789        0.725        5.634            0      324.942      109.753      196.238
      790        0.663        5.674            0      326.996      118.178      196.566
      791        0.629        5.626            0      324.444       96.376      197.782
      792        0.697        5.602            0      323.515      126.111      202.214
      793        0.608        5.695            0      326.571      133.100      200.479
      794        0.622        5.554            0      325.731      126.762      199.525
      795        0.679        5.682            0      326.313      113.076      200.894
      796        0.855        5.650            0      324.657      106.728      192.991
      797        0.662        5.620            0      325.052      131.833      200.788
      798        0.599        5.589            0      326.376      129.952      202.847
      799        0.717        5.622            0      326.062      112.873      201.614
      800        0.571        5.616            0      327.296      130.086      205.586
      801        0.702        5.479            0      323.429      113.207      201.025
      802        0.643        5.666            0      325.768      125.019      200.873
      803        0.923        5.580            0      325.160      152.447      199.917
      804        0.850        5.624            0      329.356      143.203      205.804
      805        0.654        5.711            0      326.924      112.625      200.869
      806        0.661        5.650            0      324.497      101.934      199.278
      807        0.710        5.641            0      323.965      107.460      198.841
      808        0.643        5.623            0      326.203      113.322      201.444
      809        0.770        5.733            0      330.174      125.988      201.108
      810        0.766        5.716            0      328.193      124.606      202.503
      811        0.688        5.635            0      325.568      114.242      196.593
      812        0.603        5.516            0      322.894      102.961      201.443
      813        0.667        5.651            0      325.986       99.372      198.597
      814        0.760        5.572            0      326.124      127.932      207.278
      815        0.645        5.615            0      325.182      112.498      200.092
      816        0.729        5.602            0      326.745      125.757      200.398
      817        0.627        5.608            0      325.353      110.807      207.313
      818        0.772        5.643            0      327.344      135.984      201.383
      819        0.684        5.624            0      323.511      103.631      199.035
      820        0.651        5.610            0      323.747      115.994      199.508
      821        0.583        5.549            0      324.732      109.502      203.969
      822        1.062        5.529            0      324.477      101.088      200.096
      823        0.693        5.599            0      325.720      101.171      200.661
      824        0.642        5.621            0      324.675      102.351      197.224
      825        0.846        5.504            0      325.113      145.650      199.849
      826        0.627        5.546            0      325.745      110.957      206.089
      827        1.032        5.512            0      327.056      121.534      203.299
      828        0.554        5.504            0      325.582      101.947      205.274
      829        0.730        5.617            0      324.865      122.231      202.241
      830        0.803        5.652            0      324.476      119.411      202.316
      831        0.443        5.658            0      327.023      112.519      209.029
      832        0.564        5.662            0      325.625      105.766      202.965
      833        0.631        5.584            0      325.723       95.062      204.477
      834        0.639        5.594            0      323.799       91.091      197.846
      835        0.561        5.623            0      324.160       75.698      196.659
      836        0.712        5.683            0      325.967       91.162      200.442
      837        0.583        5.576            0      323.460       89.723      198.929
      838        0.535        5.673            0      328.464       85.817      202.130
      839        0.606        5.615            0      327.319       89.238      205.018
      840        0.658        5.629            0      325.752       93.493      198.687
      841        0.617        5.548            0      323.220       87.411      201.708
      842        0.836        5.561            0      325.351       88.915      199.586
      843        0.537        5.554            0      324.023      111.517      196.336
      844        0.683        5.552            0      323.396       97.826      203.015
      845        0.718        5.680            0      327.657       88.587      200.984
      846        0.612        5.566            0      325.646      102.615      199.212
      847        0.738        5.598            0      326.443       89.346      206.814
      848        0.715        5.648            0      325.604       93.840      202.281
      849        0.638        5.655            0      326.099      104.537      203.106
      850        0.740        5.605            0      324.513      104.634      201.142
      851        0.627        5.600            0      326.141       95.835      199.373
      852        0.686        5.559            0      321.817      116.049      195.304
      853        0.636        5.583            0      325.046       97.859      201.953
      854        0.759        5.592            0      325.274      125.165      199.289
      855        0.630        5.659            0      325.881      112.375      198.779
      856        0.731        5.679            0      323.360      111.123      195.542
      857        0.574        5.577            0      325.060      107.765      203.485
      858        0.636        5.648            0      327.239       99.152      205.940
      859        0.683        5.671            0      326.803      112.078      200.993
      860        0.594        5.637            0      327.662      108.229      199.403
      861        0.689        5.645            0      325.389       85.115      201.516
      862        0.583        5.620            0      327.502       92.928      203.603
      863        0.662        5.622            0      323.603       97.900      200.638
      864        0.614        5.602            0      324.473       98.407      199.821
      865        0.643        5.604            0      325.793      102.008      201.693
      866        0.670        5.546            0      322.516      102.972      196.747
      867        0.685        5.543            0      325.240       90.785      202.834
      868        0.630        5.623            0      325.942      103.698      199.829
      869        0.657        5.584            0      322.240      110.944      196.408
      870        0.648        5.641            0      326.334      114.224      203.607
      871        0.681        5.633            0      324.854      108.764      199.200
      872        0.651        5.609            0      326.540      101.618      204.702
      873        0.603        5.658            0      326.812      105.001      199.649
      874        0.739        5.539            0      325.916       96.386      198.053
      875        0.690        5.588            0      323.846      126.717      199.720
      876        0.517        5.650            0      326.767      104.660      203.765
      877        0.649        5.613            0      326.720      112.108      205.821
      878        0.699        5.648            0      325.863      108.527      201.766
      879        0.674        5.632            0      325.933      105.769      202.076
      880        0.631        5.673            0      326.524       98.604      200.536
      881        0.720        5.691            0      329.105      103.710      201.599
      882        0.710        5.560            0      323.588      105.588      201.967
      883        0.674        5.479            0      323.063      102.039      199.535
      884        0.616        5.577            0      324.075       96.958      197.160
      885        0.812        5.532            0      326.521      125.870      202.268
      886        0.644        5.586            0      326.285       90.509      199.986
      887        0.625        5.702            0      327.223       92.668      203.275
      888        0.695        5.585            0      322.235      102.469      195.764
      889        0.539        5.534            0      325.479      103.313      204.000
      890        0.803        5.567            0      322.998      136.232      199.417
      891        0.619        5.645            0      324.349       92.828      195.406
      892        0.589        5.703            0      326.190      102.772      201.263
      893        0.859        5.583            0      327.894      120.947      205.463
      894        0.827        5.513            0      325.969      121.193      198.792
      895        0.847        5.557            0      324.073      113.882      203.110
      896        0.633        5.651            0      325.366      104.391      201.130
      897        0.713        5.689            0      325.712       87.949      201.018
      898        0.660        5.646            0      324.416      114.880      196.437
      899        0.798        5.634            0      327.446      133.967      203.832
      900        0.726        5.482            0      322.123      125.696      198.980
      901        0.728        5.669            0      327.540      123.399      204.041
      902        0.588        5.605            0      324.902      101.751      199.205
      903        0.795        5.638            0      326.710      127.519      204.583
      904        0.824        5.708            0      325.740      110.264      197.782
      905        0.654        5.688            0      328.110       80.904      204.662
      906        0.648        5.659            0      325.824       99.500      202.770
      907        0.956        5.550            0      324.392      137.597      202.214
      908        0.787        5.588            0      325.372      115.514      204.629
      909        0.686        5.658            0      327.432       91.114      204.091
      910        0.513        5.548            0      323.656       99.092      202.159
      911        0.847        5.617            0      325.491      115.318      201.717
      912        0.677        5.604            0      324.831       93.452      202.554
      913        0.507        5.586            0      326.365       98.174      207.110
      914        0.692        5.681            0      329.397       93.129      200.060
      915        0.760        5.612            0      324.223       93.896      196.045
      916        0.600        5.618            0      324.808      101.416      198.361
      917        0.606        5.620            0      325.691       96.931      202.096
      918        0.595        5.587            0      324.976       78.575      204.785
      919        0.633        5.537            0      325.007       83.833      201.079
      920        0.682        5.594            0      325.891       96.730      200.261
      921        0.719        5.568            0      323.441       98.045      207.516
      922        0.494        5.562            0      325.873      112.722      202.728
      923        0.704        5.557            0      323.990       99.087      202.331
      924        0.832        5.647            0      326.635      118.421      206.395
      925        0.746        5.536            0      324.424      111.203      200.515
      926        0.851        5.655            0      328.573      106.469      203.432
      927        0.794        5.642            0      327.450      105.646      200.199
      928        0.721        5.613            0      326.150      110.257      201.756
      929        0.681        5.582            0      323.704       99.460      204.509
      930        0.673        5.602            0      324.863      117.508      200.902
      931        0.802        5.623            0      326.940      115.974      203.312
      932        0.832        5.606            0      324.340      115.731      204.033
      933        0.738        5.660            0      326.393      114.010      198.947
      934        0.660        5.643            0      324.152       98.084      198.812
      935        0.637        5.658            0      326.689      101.811      200.795
      936        0.660        5.546            0      321.094      111.447      195.120
      937        0.767        5.490            0      323.915      122.568      201.428
      938        0.743        5.703            0      328.560      123.281      206.058
      939        0.642        5.621            0      326.145       97.216      202.235
      940        0.896        5.582            0      323.782      144.262      203.404
      941        0.698        5.656            0      324.834      114.034      190.049
      942        0.638        5.705            0      326.189      106.372      196.930
      943        0.694        5.590            0      324.234       91.295      199.700
      944        0.620        5.578            0      322.468      108.609      202.449
      945        0.656        5.631            0      326.879      106.198      205.518
      946        0.610        5.603            0      322.709      109.758      200.642
      947        0.681        5.617            0      323.574      100.905      195.782
      948        0.829        5.623            0      326.836       92.361      202.786
      949        0.626        5.620            0      326.483      105.687      199.854
      950        0.642        5.626            0      325.888      105.097      204.104
      951        0.640        5.612            0      324.194      101.219      196.968
      952        0.588        5.625            0      327.777      101.405      204.560
      953        0.596        5.699            0      327.112      130.447      202.296
      954        0.861        5.592            0      324.906      121.587      199.622
      955        0.713        5.651            0      327.207      128.234      204.014
      956        0.581        5.644            0      326.863       87.740      200.512
      957        0.680        5.688            0      326.008      102.441      202.467
      958        0.738        5.639            0      323.693      127.404      198.848
      959        0.800        5.627            0      325.515      123.830      199.761
      960        0.656        5.630            0      322.779      108.768      200.645
      961        0.740        5.648            0      325.129       95.847      199.475
      962        0.851        5.578            0      327.580      112.684      201.845
      963        0.696        5.548            0      327.188      115.175      203.814
      964        0.853        5.523            0      323.347      105.894      203.040
      965        0.602        5.585            0      322.320      107.859      198.144
      966        0.699        5.661            0      324.640      107.721      201.734
      967        0.654        5.548            0      323.221      109.205      203.253
      968        0.677        5.697            0      329.521      123.827      206.187
      969        0.530        5.611            0      326.198      118.309      204.928
      970        0.630        5.642            0      326.152      126.501      201.649
      971        0.655        5.618            0      324.238      115.175      198.679
      972        0.603        5.660            0      326.139      112.745      200.972
      973        0.653        5.612            0      325.607      125.955      204.256
      974        0.618        5.628            0      324.654      133.253      196.448
      975        0.603        5.640            0      323.607      130.679      200.474
      976        0.692        5.686            0      329.023      120.556      205.680
      977        0.653        5.703            0      328.544      125.743      202.598
      978        0.709        5.591            0      326.909      109.958      201.953
      979        0.689        5.617            0      326.776      108.254      203.356
      980        0.734        5.577            0      326.534      124.909      199.966
      981        0.709        5.579            0      324.908      115.656      200.103
      982        0.752        5.604            0      323.986      106.827      199.025
      983        0.772        5.521            0      324.943      135.417      201.916
      984        0.735        5.606            0      324.020      111.566      200.509
      985        0.723        5.648            0      328.069      124.000      206.208
      986        0.647        5.585            0      324.556      133.639      199.193
      987        0.670        5.623            0      325.340      107.001      199.872
      988        0.695        5.694            0      327.101      112.898      201.139
      989        0.769        5.592            0      326.404      134.895      204.972
      990        0.648        5.656            0      326.458      113.905      197.981
      991        0.532        5.639            0      327.052      103.780      204.277
      992        0.676        5.592            0      324.707       96.160      198.651
      993        0.629        5.690            0      326.576       98.854      201.934
      994        0.674        5.570            0      324.031       77.706      203.760
      995        0.697        5.625            0      321.083      136.359      196.832
      996        0.682        5.654            0      326.074       94.855      201.035
      997        0.586        5.587            0      328.271      120.982      206.135
      998        0.705        5.634            0      324.991      109.732      196.478
      999        0.603        5.536            0      325.630      114.775      201.545
     1000        0.654        5.623            0      324.365      111.206      201.122
