## Torsion are defined with the following atomIDs:
# dihed1: ai= 6428 aj= 6429 ak= 6430 al= 12551
# dihed2: ai= 6410 aj= 6409 ak= 6408 al= 6407
# dihed3: ai= 6427 aj= 6411 ak= 6412 al= 6413
# dihed4: ai= 6412 aj= 6413 ak= 6414 al= 6416
# dihed5: ai= 6413 aj= 6414 ak= 6416 al= 6417
# dihed6: ai= 6414 aj= 6416 ak= 6417 al= 6418
# dihed7: ai= 6416 aj= 6417 ak= 6418 al= 6419
# dihed8: ai= 6417 aj= 6418 ak= 6419 al= 12543
# dihed9: ai= 6419 aj= 6418 ak= 6420 al= 6421
# dihed10: ai= 6422 aj= 6423 ak= 6424 al= 12546
# Frame#   dihed1   dihed2   dihed3   dihed4   dihed5   dihed6   dihed7   dihed8   dihed9  dihed10
0  -35.103  -24.980  -25.384  163.520 -174.879 -119.466  -58.862   50.108  -93.933  -23.568
1  -16.704   16.883  -57.899 -176.983  178.061 -137.847  -67.704   31.653  -79.017    0.426
2  -21.198   17.271  -55.862  169.834  172.701 -114.654  -74.954   54.754  -70.955    9.199
3    6.644   -7.252  -30.552  151.953  179.670 -125.496  -66.440   40.241  -58.727 -165.710
4    6.275  -36.163  -35.674  158.677  176.445 -118.150  -68.918   29.228   87.865 -167.909
5  -15.663    1.254  -34.699  168.337  171.371 -140.190  -61.252   37.517  122.777  165.776
6   14.401  -13.521  -23.627  172.886  172.675 -132.933  -70.505   56.948  106.286  174.930
7   35.350   27.638  -30.152  172.882  178.708 -159.552  -54.527   88.090  110.602  -31.659
8  -41.731  -40.550  -44.909 -176.378  168.623 -121.819  -57.267   34.785   73.083  178.565
9   -4.363  -40.116  -32.447 -178.390 -172.133 -131.698  -71.683   44.993  100.488  -26.205
10   40.454  -27.004  -37.001 -176.803  170.189 -128.254  -71.831   49.494   93.228   24.765
11    1.387  -76.925  -38.537 -177.213 -174.166 -115.812  -60.743   45.229   85.349 -163.676
12   -5.100  -48.534  -37.140  176.545  164.810 -115.659  -63.399   81.561   85.936 -172.947
13  -36.990  -90.462  -14.203  155.516  171.756 -109.761  -60.578   32.826  102.120 -167.415
14  -10.230  -10.015  -64.841 -164.303  174.121 -151.124  -57.076   52.000  132.619 -174.423
15   -5.299  -82.877  -34.900  168.650 -164.248 -138.878  -69.713   49.713  136.297 -157.654
16  -43.624  -18.916  -29.336 -162.559  178.156  177.315  -54.575   34.375  125.875 -169.630
17  -26.177  -56.767  -21.063  178.866  178.859 -117.485  -71.681   64.520   79.898 -153.210
18   -1.319    0.295  -42.222  174.203  165.341 -121.530  -78.389   63.895  112.170  168.663
19   21.764  -47.703   -2.091 -179.348  171.051 -153.130  -62.250   93.038  112.276 -169.255
20    0.440   -6.647  -35.480 -166.864  173.629 -139.845  -64.836   37.384  102.940  176.168
21  -13.064  -94.855  -31.378 -162.780  175.399 -154.508  -49.470   74.150  111.915  171.878
22  -36.349  -99.674  -45.490 -158.631  177.711 -115.139  -56.267   54.545  120.237  174.885
23  -84.233  -64.092  -33.012 -173.373  177.998 -128.797  -59.619   47.724   83.773 -162.672
24   10.190  -94.685  -13.787  166.502  172.979 -125.644  -63.224   50.305  128.670 -171.149
25   -5.497 -115.167  -10.387 -171.383 -176.396  -87.305  -66.056   53.752   71.706  165.452
26  -83.440  -78.643  -28.297 -177.746  173.120 -154.517  -63.249   64.709  156.694 -168.813
27   17.506  -87.495  -35.154 -178.542  176.476 -112.360  -64.298   80.874  101.072  179.757
28  -22.577  -78.430  -15.498  174.757  173.635 -107.713  -60.003   48.904   89.411  178.278
29 -111.843  -62.591  -27.001 -168.730 -178.712 -112.711  -48.999   44.055   65.647 -169.882
30   -0.406  -99.535  -21.960  179.863  178.327  -68.045  -52.698   17.397   33.000  178.758
31  -28.533  -38.816  -39.235  150.020  172.575  -81.927  -70.889   44.227   96.536 -173.740
32  -76.234  -52.139  -32.014 -178.624  178.115 -108.184  -66.470   60.391  128.952   -6.290
33  -20.600  -78.198  -23.474  165.986 -179.365  -99.769  -67.135   71.771   67.143 -164.998
34  -51.085  -63.135  -20.038 -157.429  176.962 -169.041  -62.742   70.759  119.103 -150.396
35  -51.658  -22.875  -27.770 -177.023  160.248 -143.034  -49.963   89.108  109.943  166.588
36   -2.945  -96.517  -31.609 -172.985  170.976 -104.477  -59.782   19.053  111.173  160.711
37  -64.863  -62.082  -24.266 -168.431  176.000 -136.851  -57.637   44.570  130.720 -142.394
38    0.551  -88.997  -29.401 -155.556  168.562 -150.384  -70.932   69.320  132.068  164.472
39   -2.540  -90.550  -23.226 -140.799  175.017  178.553  -61.218   40.040  115.305  178.835
40    3.144  -68.829  -11.096 -169.536  172.306 -158.314  -54.613   65.643  113.690 -170.144
41   -4.946  -95.708  -30.704 -158.482  166.347 -148.106  -63.888   62.589   97.011 -143.660
42    1.161  -70.375    0.364  178.098 -179.449 -164.309  -58.293   57.439  106.929  -15.234
43  -68.220  -65.786   20.341  168.780  171.767 -160.563  -61.123   52.922  107.016  154.873
44  -48.286  -77.939  -30.188 -157.669 -171.784 -139.008  -77.615   64.736   70.048 -176.716
45  -11.849  -69.072  -25.975 -165.758  177.977 -155.810  -58.676   57.037  102.138 -176.779
46  -79.838  -71.860  -22.744 -145.710 -178.974 -169.348  -57.175   28.619   83.524 -153.595
47   -2.347  -89.963  -24.263 -163.195  161.654 -134.292  -54.208   54.054  118.890 -179.012
48    0.318  -75.817  -16.306 -162.159  175.026 -165.234  -65.246   42.683  115.991  155.523
49  -67.737  -29.633  -23.398 -166.367  173.935 -167.206  -65.445   58.648  102.780 -169.392
50  -82.380  -74.556  -31.549 -141.520  173.608 -151.421  -64.726   49.712   85.207 -169.476
51  -77.852  -73.582    1.429 -166.462  174.354 -169.316  -61.034   62.453  101.442  176.466
52  -37.386  -55.422  -17.842 -166.293 -177.739 -144.492  -57.369   42.278   88.737 -155.043
53  -36.204  -43.111  -29.735 -175.953 -174.419 -145.289  -65.796   74.763  122.713  179.438
54   -9.531  -96.602  -22.922 -174.129  170.292 -125.293  -55.719   47.258   97.088  153.312
55    7.309  -96.101    3.207 -160.486  171.244 -153.045  -53.368   46.730  103.943 -179.188
56  -68.923  -88.464  -33.723 -176.573  166.106  -65.369  -47.374  -16.144   58.752  149.576
57  -76.046  -88.958  -16.743 -169.504  176.069 -143.731  -68.241   49.234   84.070 -170.067
58  -62.416  -90.493  -30.959 -162.404 -178.788 -155.680  -60.308   64.406  118.326  177.873
59  -84.633  -96.451  -11.335 -162.155  170.704 -144.809  -66.096   38.202   93.140  176.766
60   13.469 -101.206  -16.169 -163.553 -179.607  179.456  -70.561   52.985   93.867 -150.616
61    9.215  -97.115  -40.715 -150.359 -176.374 -157.802  -53.509   34.195   91.449  177.609
62  -25.987  -93.879   -6.424  153.118  172.929  -99.852  -64.857   66.203  109.120 -154.038
63  -74.811  -66.178  -17.708 -167.207  179.701 -165.772  -66.522   47.217  126.175  148.420
64  -81.960  -44.386  -13.980  177.320  173.867 -145.210  -57.545   50.377  119.489   12.771
65  -21.330  -67.431  -10.247 -173.597  177.725 -172.930  -62.301   45.992  149.115  -12.118
66 -103.273  -79.034  -30.684 -161.528  170.188 -148.115  -50.692   68.354  131.472  173.197
67  -31.462  -74.122  -12.443 -166.899  176.943 -152.033  -71.439   65.190  106.382  178.416
68    9.010  -90.792    0.937  171.193  172.232 -149.940  -81.546   44.344  101.880 -178.903
69   -8.912  -70.430  -19.062 -174.881  174.221 -121.172  -68.090   43.556   95.613 -170.615
70  -20.989  -86.478  -10.988 -165.537 -177.652 -154.310  -72.938   52.845  109.353  152.822
71  -20.265  -93.721  -10.419 -161.311  163.710 -158.604  -73.497   51.405   96.470  161.894
72  -89.216  -82.984   22.295 -179.171 -177.640 -168.098  -67.938   64.605  118.402 -173.714
73  -94.641  -95.477  -26.871 -139.265 -165.121 -147.222  -57.887   56.635  100.215  177.630
74 -108.501  -55.944   -3.802 -148.950 -174.896  164.400  -62.228   61.694  115.182  -42.761
75  -76.266  -74.896  -10.985 -174.828  179.001 -142.845  -55.439   64.253   74.223  177.127
76  -53.333  -37.408  -32.198 -164.725  175.280 -133.781  -66.397   54.738   92.954 -176.487
77  -66.036 -105.241    8.523  179.644  165.368 -166.993  -63.635   61.683  130.879  177.452
78 -103.207 -104.122   -7.343  174.619  164.869 -140.090  -47.672   42.618  114.440 -132.829
79  -88.231  -40.657  -14.252  167.117  170.718 -136.668  -56.842   65.376   80.700  154.447
80  -62.409  -78.390    3.044  149.810  178.159 -125.555  -64.494   66.695  116.685  171.885
81  -37.983   -0.699  -37.272  154.028  173.931  -92.623  -61.960   20.258  128.888   19.153
82  -77.251  -64.862  -22.220 -177.053 -175.543 -151.134  -68.642   67.176  127.099  157.792
83  -42.043  -46.724   -6.947  179.573  166.162 -154.906  -68.783   84.160  105.915 -168.774
84  -55.876  -50.294  -28.230  160.841  176.274 -153.026  -44.362   64.959  101.145  160.366
85  -53.201  -43.541  -35.530  170.606  176.133 -120.718  -66.603   68.211  101.770 -151.081
86 -115.400  -80.948    4.095  176.539 -177.607 -137.921  -73.220   47.529  134.092  168.778
87  -45.644   -9.791  -15.284 -178.791  172.696 -154.006  -65.281   52.789   66.617 -134.710
88  -61.341  -61.652  -32.199 -174.471  169.039 -145.742  -55.228   67.001  123.109   47.569
89   -7.110   15.318  -16.772 -174.696  171.643  155.347  -61.124   56.448  140.085  165.843
90  -59.950  -84.031  -11.770  165.806  175.717 -125.162  -70.265   50.704  107.249 -168.615
91  -99.320  -49.682   13.584  173.211  173.389 -152.696  -69.254   57.543  121.873 -155.764
92  -39.805   24.993  -53.984 -166.543  179.634 -179.462  -47.897   62.950  126.482 -177.224
93  -51.148  -85.477    7.948  173.421  179.295 -174.528  -60.915   47.770  133.374 -168.600
94  -39.878  -67.421   -4.842  171.101  171.784 -138.850  -66.864   61.549  136.722   -0.448
95  -68.441  -37.763   -0.026  168.841  168.316 -154.899  -59.598   69.229  140.458   -8.761
96  -89.202  -65.394  -14.130 -162.016 -172.212 -140.423  -61.969   77.730  132.345  173.133
97 -104.362  -45.001  -31.734 -158.131 -173.263 -126.551  -56.442   39.396  107.243 -157.860
98  -46.308  -74.339   -7.529  170.184  177.948 -131.897  -61.233   53.303  107.670 -176.926
99  -62.543  -19.969  -18.129  174.814  163.564 -145.700  -68.635   74.951  114.813 -160.834
100    1.020  -75.042  -14.027 -150.468 -170.627 -176.776  -69.055   51.491  125.956  178.889
101    7.311 -105.905   -8.954  175.849 -177.549 -155.412  -61.704   55.082  129.236 -175.685
102  -21.163  -96.021   -4.979 -162.883  173.560 -155.144  -62.825   31.720   95.766 -163.671
103  -19.301 -112.798  -11.062 -175.405  169.857 -130.238  -65.355   68.324   99.437 -171.584
104    3.062 -118.126  -44.445 -147.866 -179.804 -154.047  -61.866   59.482  136.127 -172.354
105  -13.068 -105.736  -22.559 -156.491  167.321 -149.976  -61.482   57.811  117.258  178.041
106    4.795  -98.938  -20.755 -170.362 -179.571 -144.187  -59.011   48.004   97.612 -161.096
107   -7.138  -76.210  -13.317 -158.230  175.146 -171.121  -52.468   50.032  142.640 -175.584
108  -18.773  -70.542  -24.461 -143.596  176.402 -175.503  -66.963   41.275  123.319  171.294
109  -12.564  -84.630    0.046  162.165  177.231 -134.423  -58.667   61.524  131.564  156.189
110   -9.739  -88.568    1.001  176.166  175.823 -152.568  -62.596   79.439  154.030 -172.585
111  -39.069  -91.207   -5.135 -172.398  167.000 -173.706  -48.955   61.157  123.461 -162.642
112  -86.598  -91.447   -9.016 -174.203  166.816 -123.048  -66.010   52.206  104.899 -179.589
113  -59.523  -70.160   -6.703  178.433  174.573 -141.752  -59.370   67.881  102.699  178.232
114    3.580  -65.693  -16.274 -166.953  176.419 -152.297  -72.828   61.453  106.646  177.003
115   -7.093 -113.769  -17.026 -162.415  176.709 -160.329  -45.512   56.929  103.119  -23.666
116   24.170  -95.319  -18.895  170.940 -179.067 -112.052  -77.939   52.521   98.833  167.798
117   -4.305 -102.516  -14.116 -177.325  171.273 -117.639  -65.223   62.376  100.382  173.752
118  -75.643  -53.097  -14.590  174.776  170.495  -98.426  -69.949   66.934  101.611  178.768
119   -5.887  -71.045  -24.912 -176.243  176.084 -114.282  -63.461   49.284  133.221   -4.754
120  -51.858    9.131  -47.668 -166.637  167.354 -141.489  -59.913   57.336  120.065 -161.453
121  -21.264  -81.054  -19.426 -159.799 -176.494 -154.312  -67.796   45.022  123.147  145.927
122  -33.270  -81.808  -30.036 -160.079 -179.399 -135.369  -59.557   52.462  125.152    5.448
123   -9.859 -104.274  -45.950 -164.687  165.255 -106.486  -66.436   76.303   54.417   -0.531
124   -0.903 -105.444  -14.229 -166.128 -168.244 -166.100  -71.417   63.727  125.884   21.516
125  -12.067  -98.142  -20.896 -178.033 -173.939 -140.362  -51.031   42.619  120.573 -168.659
126  -11.612 -100.918  -13.497 -163.523  172.409 -144.307  -72.338   47.306   88.165  173.641
127  -29.749  -86.143    3.997 -160.203  166.922 -161.000  -66.230   61.616  108.794 -174.959
128    1.242  -51.025  -19.987  172.496  177.944 -121.466  -51.143   47.506   87.899 -147.593
129    5.900  -85.694  -30.707 -164.084  160.903 -146.483  -49.390   49.603   95.056  160.261
130   -2.931 -102.683   -3.257 -169.800  172.071  167.765  -55.722   57.018  131.951 -174.248
131    1.296 -111.389   -4.797  179.098  168.468 -146.069  -55.094   31.114   95.678  179.030
132   -4.128  -94.780   17.533 -169.304  165.799 -142.646  -52.845   25.863   92.612  178.640
133    8.398  -81.661  -21.590 -156.854  164.855 -147.047  -56.505   67.706   90.643 -160.807
134   -3.941  -99.930  -26.229 -159.836  169.208 -141.723  -50.930   55.815   91.817 -151.398
135  -20.271  -90.846    7.087 -164.976  167.119 -164.714  -67.910   58.191  117.968 -157.762
136  -28.744 -112.986  -18.870 -172.871  159.567 -122.327  -57.071   64.477   62.425 -158.990
137  -12.165  -95.864   -3.812 -178.393 -179.402 -145.851  -72.729   60.923  101.461   -4.417
138  -13.283 -109.552  -24.115 -169.828  174.099 -113.632  -70.908   59.886  101.086   15.367
139    1.514  -92.427  -16.238 -177.012  169.412 -161.650  -52.702   57.867  126.361  -15.830
140  -11.857  -89.486  -22.504 -165.156 -177.289 -160.373  -53.728   50.396  122.077   26.057
141    0.147 -100.892  -24.962 -175.999  170.756 -166.521  -49.031   42.718  106.177 -158.954
142  -18.518  -93.788    6.855 -159.191 -179.419 -169.869  -67.675   36.846  110.449  179.502
143  -25.856 -104.795  -36.291 -146.596  172.969 -155.484  -64.685   46.960   76.311 -167.179
144  -14.532 -106.548  -17.326 -164.659  165.106 -153.514  -53.040   53.675  113.611 -175.319
145   -0.073 -119.805  -12.360 -167.640 -178.247 -129.696  -67.374   46.345   74.529 -164.484
146  -17.663 -108.880  -11.591 -146.447 -167.213 -140.501  -78.455   54.275   92.280 -159.786
147   -7.754 -105.171  -28.588 -155.803  171.742 -133.097  -57.490   52.297   83.486   15.368
148    7.851  -84.932   -6.764 -170.261 -174.700 -129.553  -59.448   49.726   72.726   32.352
149   -4.568  -88.979  -17.057 -163.338  170.175 -145.816  -68.061   51.843  103.862  161.006
150  -10.018  -82.454  -18.084  177.766  174.157  -97.917  -54.266    6.013   47.498 -176.831
151  -20.103  -60.963  -16.623  172.582  174.266 -135.387  -63.124   56.700   87.041  171.995
152  -10.646  -86.940   -5.526 -164.465  158.888 -155.755  -61.903   38.804   99.216 -170.888
153   -6.398 -100.246  -19.312 -150.517 -176.062 -139.716  -63.106   66.353  120.418  172.367
154  -10.915 -107.387  -25.923  178.444  176.586 -145.373  -69.622   93.162  135.796 -179.892
155   -5.906  -82.186  -10.020  171.216  177.583 -142.669  -64.563   42.296  110.861 -174.175
156   12.736  -91.893  -18.129 -156.341  178.388 -118.696  -42.227   29.289   69.235  160.119
157  -27.717 -102.985  -13.268 -168.578  177.634  -91.181  -62.405   34.875   62.897   16.589
158  -19.790 -113.388  -14.217 -152.438  175.520 -159.437  -72.777   42.321   97.797   23.801
159   16.173  -61.391   17.472 -172.773  171.407  150.132  -57.475   39.384  133.869    5.537
160   14.083  -78.586  -20.912 -171.264  175.812 -116.743  -64.219   33.192   89.449   37.184
161  -26.493  -90.968  -30.975 -149.347  179.876 -133.194  -56.731   34.205   77.020    8.869
162  -74.587  -97.445  -13.785 -172.644  177.197 -133.367  -65.593   45.633  113.967 -173.939
163  -75.203  -82.528   -4.076 -176.322  175.943 -151.962  -56.205   82.512   95.352 -141.224
164  -65.981  -91.618  -32.651 -165.069  176.198 -156.297  -57.418   47.434  117.667 -168.505
165  -48.362  -63.178   -3.961 -178.375  175.963 -149.472  -68.246   59.576   80.652  174.152
166  -18.018  -95.122    9.022  177.922  164.439 -168.039  -57.187   77.430  132.338 -157.434
167  -15.693  -99.427   13.597  169.945  177.029 -153.293  -62.206   46.055   96.790  174.311
168   14.194  -61.283   -3.474 -156.353  170.961  178.446  -53.386   53.774  122.202  171.564
169  -21.476  -99.020  -14.637 -175.082  177.107 -138.380  -58.912   67.587   86.515  169.211
170  -74.620  -71.559  -22.482 -169.452 -177.932 -137.335  -52.414   38.480  116.757  173.484
171  -88.528  -82.014  -25.305 -157.330 -176.346 -158.469  -57.566   39.038  115.136 -171.080
172 -113.103  -77.895    3.733 -170.469 -179.877 -166.513  -65.577   64.962  106.602  169.700
173  -99.555  -73.814  -18.404 -166.182  174.630 -135.570  -65.546   39.000   89.527 -147.012
174    8.927  -99.126  -19.515  176.918  177.076 -132.500  -70.813   52.084  102.344 -143.001
175  -76.747  -65.359  -22.637 -168.137 -174.537 -158.349  -62.892   57.708  114.352  162.326
176  -58.650  -71.737  -12.777 -178.654  178.480 -139.397  -61.176   53.100  103.610 -164.419
177  -54.425  -24.027  -29.106 -160.178 -172.773 -166.360  -58.742   49.427  136.414  -23.801
178  -78.819  -12.787  -27.796 -147.450  173.120 -161.264  -65.530   26.664  109.157  -20.195
179  -55.208  -86.590   -7.841 -154.217 -172.753  167.003  -39.919   61.581  111.583 -169.279
180  -88.273  -13.880  -21.965 -166.101  163.384 -163.529  -52.956   53.470  107.622  155.129
181  -83.799  -78.082  -13.820 -150.479  170.481 -143.082  -54.422   26.133   81.055 -177.351
182   -1.554  -94.430    6.234 -173.541  169.628 -172.617  -50.636   50.823  114.335  171.406
183   -4.179  -91.141  -30.209 -179.879  178.457 -115.495  -69.737   42.210  101.794  170.216
184  -12.805  -73.593  -19.832 -171.453  171.188 -130.445  -62.443   74.110   72.491  161.029
185  -82.472  -48.130  -19.311 -137.428  175.051  177.655  -63.136   54.213  117.285  179.862
186  -50.578  -80.661  -23.807 -162.805  179.538 -146.574  -53.146   55.748   99.463    0.016
187  -42.973  -55.178  -21.737 -162.941 -176.832  -97.293  -56.641   16.870   50.507   16.111
188  -37.941  -78.984  -12.181 -165.278 -176.269 -171.264  -65.444   46.454  142.376   13.907
189  -69.335 -107.348    4.673  175.471 -173.683  -58.883  -35.928   19.684   13.609  160.023
190  -25.215  -42.531  -14.378  173.953 -169.831 -147.665  -74.013   52.418  109.573  168.550
191  -42.371  -48.848   -4.009  158.187  165.698 -125.221  -68.712   90.346  121.613  159.604
192  -53.014  -97.875  -14.531 -162.823 -176.214  -70.979  -42.815   24.435   21.230 -168.824
193  -84.078  -74.033   -9.643 -172.914  168.292 -103.542  -45.847   40.296   54.386 -176.810
194  -53.930  -86.831  -14.205 -175.264 -175.541 -162.178  -52.715   46.952  132.922 -153.707
195   -3.939  -97.026  -22.438 -167.700  164.880 -141.188  -72.786   80.612   85.252  142.140
196   15.518  -94.483  -25.544  179.383  176.884 -124.051  -73.718   62.493  105.964   15.035
197  -72.604 -102.708  -27.303  177.296  174.400 -108.151  -61.175   50.888   98.213 -168.861
198  -62.835  -96.941  -28.016 -140.808  172.987 -145.473  -63.331   56.879   88.463 -170.156
199  -87.236  -97.232    4.970  174.755  171.480 -139.008  -69.112   58.030  108.995 -159.450
200   14.589  -85.339  -23.818 -165.776 -175.226 -142.263  -61.803   59.816   92.611 -154.674
201  -39.502  -80.210  -19.579 -158.965  172.173 -173.447  -42.794   54.946  101.768 -160.652
202   -6.157 -104.371  -14.955 -152.784  170.902  -99.436  -52.326   51.015   43.661 -173.570
203  -53.832  -89.578  -25.283 -174.679 -174.873 -121.162  -64.917   51.774  102.494 -124.986
204  -18.493  -93.900    6.445  175.648  171.618 -155.066  -64.622   63.244  108.262 -178.234
205  -77.084  -74.297  -23.132 -172.482  179.747 -123.477  -55.408   42.421   67.649  152.277
206  -63.727  -77.534  -14.814  156.991  175.241  -96.538  -67.932   66.564  121.323 -165.497
207  -44.619  -87.327  -44.956 -174.647 -178.159 -109.998  -64.066   78.701  117.791  163.131
208  -12.759 -110.749    9.350 -177.634 -171.430 -134.430  -68.867   34.322   99.561   21.324
209  -46.239  -49.165  -19.360 -167.341  179.803 -158.267  -63.645   66.700  105.324   19.110
210  -22.610  -99.460   16.533 -172.375  176.461  -53.358  -49.529   27.808  -30.785 -155.046
211  -89.791  -61.895  -12.129  175.887  179.125 -109.401  -66.283   31.330   99.494  169.282
212    1.179 -100.396  -41.535 -150.149  178.209 -143.119  -59.809   53.162  104.309  157.989
213  -13.033  -69.325   -7.062  179.382  177.127  -94.119  -58.402   37.562   50.271  174.047
214   14.031  -75.989  -18.149  170.072  170.451  -82.250  -67.098   31.316   61.289 -179.019
215  -10.914  -82.812  -14.023 -175.990 -179.388  -76.147  -46.749   55.673   18.639  -41.754
216  -20.812  -94.152  -16.486 -175.845 -176.827  -83.275  -64.168   33.442   48.856   -0.307
217    1.310  -97.013  -23.364 -150.558  173.543  -85.618  -54.526   42.334   46.514 -158.435
218  -17.860  -82.948  -11.420 -166.427  177.728  -81.999  -55.220   27.626   61.740 -162.956
219  -18.627  -79.651  -28.613 -164.278  174.273 -142.846  -51.052   55.926  110.211 -158.620
220   -3.693 -107.638    0.595  164.497 -171.900  -92.221  -64.049   43.135   63.094  172.177
221  -19.346 -102.040  -16.147 -177.125  178.853 -127.417  -63.646   58.763   97.001  161.691
222    1.066  -84.865  -10.459  159.584 -173.118  -58.299  -44.467   57.458   31.737 -149.905
223    0.793 -101.965  -19.457 -171.630 -162.596  -92.812  -60.563   69.180   58.265  168.310
224   -6.812  -98.617   18.990 -176.287 -173.859  -90.145  -57.312   49.745   -1.569   -1.017
225   -2.496  -87.876    1.431  172.900  174.293  -72.445  -58.868   74.679   25.372  -35.295
226  -11.163 -103.101   26.142  152.826  176.610  -88.118  -57.878   76.587   57.176  175.732
227  -25.343 -100.812  -18.248 -169.725  179.781  -93.844  -50.657   42.790   60.803  171.591
228   -9.624  -97.270  -18.486 -168.590 -174.584  -73.485  -52.289   70.298   58.894  175.595
229   -7.222  -63.452   -8.767 -164.132  171.955  -81.488  -49.986   66.217   50.089   -9.835
230  -12.458  -96.827  -37.763 -168.176 -173.620  -70.047  -54.899   29.807   69.952   11.794
231  -53.566 -100.040  -17.763 -175.990 -178.979  -87.399  -54.141   24.286   72.011   17.549
232  -58.545  -68.448  -17.779  170.854 -179.556 -134.191  -70.884   69.521  110.456    5.164
233  -24.524  -82.759  -11.083  177.655 -175.328  -90.123  -49.011   69.292   55.896 -174.362
234  -59.172  -53.537  -30.449  158.370 -169.187 -131.442  -65.272   66.086  119.010  175.862
235 -103.078  -83.507  -29.785  179.853  178.969  -73.057  -53.765   39.401   65.526 -164.391
236  -97.991  -79.377  -22.367 -153.254 -174.284 -156.804  -67.168   60.452   80.438  178.153
237  -53.702  -99.137  -28.273 -140.366  178.091 -178.120  -42.653   66.009  128.313 -156.797
238  -58.918 -104.825  -19.471 -152.395 -177.602 -177.697  -65.639   67.558  128.338   -2.976
239  -83.656  -80.748   -0.433  176.287 -169.057  -66.032  -60.488   57.586  -67.578    6.693
240  -13.856  -92.814  -11.863 -170.688 -174.333 -171.327  -63.078   40.819  -37.311   -3.817
241  -12.605  -81.260  -19.884 -177.201  179.526  -65.196  -59.376   83.861 -136.744    4.647
242    3.230 -103.329    2.376  179.803 -177.161  -76.832  -65.545   61.625 -123.540  170.984
243  -16.379 -107.436  -17.341 -161.003  177.711  166.705  -50.145   46.608  -33.042  179.353
244  -23.095 -112.598  -27.045 -148.509 -171.553 -147.455  -67.826   57.214  -83.990  158.610
245    8.987 -113.485  -30.293 -161.268  161.327 -120.000  -62.699   49.945 -110.086  174.318
246   -8.272  -78.538  -20.656 -161.471  174.581 -152.124  -68.939   65.323  -80.806  167.986
247  -17.073  -87.705  -41.655 -144.679 -178.259 -161.647  -61.102   51.266  -80.653  157.112
248   -9.834  -87.094  -24.396 -172.026  167.053 -117.673  -74.246   38.390 -102.237  175.538
249   -6.941 -106.699   -1.341 -156.855 -176.671  174.753  -59.416   57.716  -74.440   19.050
250  -19.253  -81.487  -20.295 -175.862  179.086  -91.870  -63.138   70.953 -101.199    8.898
251  -14.660  -88.654   -1.093  174.682  179.296  -77.986  -51.810   86.790 -124.197   10.686
252   -4.497  -83.570  -30.713 -176.168 -179.258  -61.024  -51.919   89.947 -111.745   38.236
253    4.768  -95.783  -27.658 -177.384 -175.548  -75.170  -43.802   70.074 -139.945   -6.186
254  -16.491 -119.569  -28.973 -166.903 -173.312  -78.372  -51.377   73.479 -123.459   45.065
255    5.676 -103.670  -21.431 -172.360 -174.853  -86.073  -42.801   70.388 -148.150   -1.910
256  -30.852  -96.468   -3.068 -172.297 -173.517  -86.173  -56.142   60.127 -137.413 -173.111
257  -12.684  -84.359  -16.681 -167.967 -175.374  -82.466  -40.421   69.035 -143.472 -110.104
258   -3.209  -86.227  -20.653 -179.285 -173.638  -86.675  -47.564   52.505 -125.975 -152.481
259  -13.067 -106.003  -14.775 -165.566 -176.869  -86.172  -56.170   77.523 -141.489  171.420
260    0.671  -74.703   -8.188  168.581  179.189  -73.883  -47.790   37.528 -149.866 -179.168
261  -19.192  -74.085  -16.997 -178.599 -170.196  -99.806  -51.971   27.987 -124.226  172.669
262  -31.052 -111.116  -29.494 -172.514 -176.646 -159.997  -58.866   73.767  -30.232   28.087
263  -16.075 -115.181  -29.150 -158.142  179.677 -142.492  -56.606   60.907  -81.706   -0.499
264  -45.859  -99.213  -28.385 -163.630 -169.546  -74.759  -45.659   65.256 -137.679   18.665
265    3.048  -89.861    1.074 -170.547  175.067  -73.512  -60.941   57.919 -175.597   19.985
266   10.838  -79.797  -28.052 -161.563 -168.989  -67.048  -58.375   59.606   38.868 -175.362
267   -3.758  -96.581  -25.858 -169.642 -173.537  -76.568  -49.888   68.804   50.978 -148.527
268    0.769 -106.006  -22.706 -176.489 -171.506  -82.061  -47.710   19.941   52.680 -170.703
269  -17.349  -94.407  -19.315  176.524 -179.248  -63.201  -49.530   65.530   48.562   25.797
270  -19.771  -90.316    9.777 -178.425 -170.172  -80.305  -47.232   64.435   25.370    1.606
271   -0.641 -108.234    7.167  165.958  173.457  -67.439  -51.343   68.378   31.553    2.417
272  -34.324  -96.888  -11.100  177.611 -176.823  -81.755  -51.045   58.783   37.741  174.891
273    0.661 -102.423  -20.480  170.366 -172.732  -65.899  -42.471   66.462   23.996 -159.823
274  -23.999  -82.487  -16.564 -175.853  170.422 -113.960  -60.262   66.585   72.504 -176.537
275   -8.654  -90.683  -19.335 -157.054 -163.713  -78.242  -42.355   70.579   25.181 -155.438
276    4.673  -68.469  -11.778 -173.222  179.425  -96.915  -54.011   42.387   55.904  163.622
277    5.925 -102.293  -11.735 -179.436 -177.142  -60.946  -61.882   54.183   50.016  179.063
278  -13.238  -86.507    7.969  169.977 -175.561  -87.930  -44.967   42.118   46.391  145.315
279  -12.721 -101.352  -22.727 -171.606 -160.444  -99.142  -43.519   63.641   41.601   -1.968
280  -28.122  -98.080  -15.622 -160.014 -177.278  -75.657  -54.121   53.774   56.604   12.017
281  -21.902  -86.755   -7.917 -172.470 -171.083  -76.380  -52.358   83.618   28.891   -5.842
282   -2.133 -121.546  -45.716 -177.207 -167.991  -70.263  -44.612   56.741   55.913   28.337
283  -19.021  -98.498  -17.085 -162.366 -170.942  -73.448  -58.558   77.098    4.385   -2.198
284  -28.173 -106.142  -12.186  178.419 -177.673  -59.352  -32.165   53.927   10.735   18.051
285    7.516  -62.615   -4.970  174.106 -170.110  -82.310  -48.027   68.598   32.979   28.260
286   -2.782  -81.230   15.778 -178.112  179.583  -57.805  -48.692   42.773  -24.921 -162.445
287  -11.171  -75.614  -16.465  174.589  176.982  -70.796  -51.270   70.454   39.897   28.027
288    2.979 -114.319  -23.879 -159.470 -162.110  -72.771  -59.853   62.658   31.183    5.585
289  -25.606  -89.859    0.493 -169.347  178.990  -81.144  -44.498   82.250   47.209    2.579
290   12.709  -90.590  -14.808  179.937  179.733  -61.284  -57.055   87.054   34.367    5.978
291  -21.200  -94.481  -31.790 -148.323  177.853  -76.485  -59.671   45.164   56.957   21.962
292  -27.451 -107.256  -11.337  165.178 -178.130  -81.429  -51.502   29.411   47.654   13.359
293  -17.218  -93.717  -36.846  177.257 -174.671  -71.726  -37.364   40.577   56.664   -1.223
294    3.215 -108.031  -19.829 -171.784  174.880  -76.992  -55.589   65.839   56.749  -40.486
295    0.179  -94.176  -22.291 -160.467 -174.228  -59.521  -59.223   82.216   19.072   12.815
296  -19.279 -108.998  -21.329  178.979  176.504  -41.662  -54.994   49.849   44.058   -3.202
297  -22.255 -110.050   -1.823  172.192 -171.215  -83.212  -51.541   72.470   42.069   43.415
298   -7.583 -102.315  -17.429  169.949 -173.130 -164.547  -53.669   52.553  145.283   17.050
299   -3.374  -89.555   -7.618  178.204 -176.512  -61.005  -54.002   65.294   -0.179   24.231
300  -22.246 -107.445   12.157  167.107 -171.010  -47.374  -61.386   45.061   23.610 -152.469
301   -9.814  -91.318  -25.735 -165.489 -168.432  -73.034  -47.608   69.259 -129.701   30.828
302  -11.884  -92.118   -0.671  172.691 -177.679  -70.046  -50.073   69.792 -144.283  170.140
303  -31.314  -84.599  -24.085  174.311 -171.072  -64.178  -46.602   82.703   47.963    9.997
304  -26.896  -87.458  -34.378 -176.678 -179.104  -54.095  -53.657   89.866   44.143  -17.786
305    7.226  -85.830   -4.713 -166.073  175.880  -72.463  -50.019   75.583   41.913  -20.306
306  -11.824 -102.411  -21.739  168.567 -176.963  -60.963  -54.647   72.754   41.895  -26.303
307  -30.857  -80.658  -32.731  166.024 -174.397  -48.150  -42.290   64.259   29.412  147.467
308   -7.068 -104.634  -26.628 -166.231  176.218  -69.952  -51.758   99.814   49.165 -170.739
309  -13.085  -94.207  -22.209  177.987 -179.900  -82.519  -46.833   83.125   60.446 -173.330
310  -33.549 -118.098  -23.297 -174.911 -175.484  -67.177  -50.679  108.875   57.297  169.521
311  -14.920 -102.567  -22.102 -168.651 -172.084  -65.549  -43.242   96.993   57.493 -164.406
312  -12.067 -121.418  -10.129  178.609 -178.816  -75.770  -40.592   81.253   39.736 -174.278
313    4.551  -86.142  -35.383 -143.435 -173.228  -91.220  -48.822  102.384   63.574  167.391
314    0.872  -95.950  -26.826 -179.187  172.958  -74.576  -40.776  102.440   41.128  167.627
315  -14.860  -83.619  -16.723  175.648  175.073  -59.737  -49.946   74.427   51.166 -174.295
316   -7.794  -96.025  -31.631 -166.536 -170.120  -85.888  -48.808   75.250   55.998   -1.890
317  -18.065 -107.126  -38.074 -171.878 -177.078  -69.969  -47.998   77.526   44.053    7.124
318    6.834  -87.697   -5.225 -174.135  179.527  -89.576  -46.376   90.830   30.285   23.607
319   -5.068  -95.503  -41.381 -173.245  179.640  -79.674  -38.398   73.118   59.519 -163.767
320   -7.181 -102.588  -12.191 -166.099  179.185  -91.663  -48.797   85.212   63.920  176.490
321  -30.137  -77.659  -23.663  171.291  171.099  -53.396  -51.345   73.247   45.688 -159.211
322   11.935  -95.469  -25.837  174.174 -171.783  -63.530  -43.854   83.698    2.210    4.458
323   -6.130  -76.227  -13.369  174.196 -177.051  -93.091  -36.107   87.902   53.519 -146.773
324   -3.153  -78.863  -31.799  175.264  176.843  -62.243  -49.579   85.358   58.103  177.362
325  -46.084 -105.710  -30.254 -165.191 -167.559  -86.365  -45.984   84.085   67.602 -177.178
326   13.611  -99.081   -2.792  161.154 -171.188  -87.152  -50.721   62.895   50.114  179.625
327   -8.720  -97.730  -29.769 -157.555 -169.547  -77.998  -49.976   70.630   63.172 -161.032
328   -1.660  -94.459  -22.950 -178.121 -171.310  -63.253  -47.119   88.362   52.695  -20.867
329  -23.923 -104.094  -23.307 -160.886 -174.464  -87.972  -45.062   65.479   55.690    8.673
330  -31.310  -82.488  -36.223 -168.449 -176.779  -63.981  -44.591   63.368   46.888   19.706
331    9.136  -90.076  -27.668 -171.462 -169.830  -72.414  -59.718   62.789   53.792  -11.823
332  -12.741  -91.042   -3.612  150.407 -175.608  -81.136  -37.432   83.085   36.746   -4.248
333    3.726  -93.662  -49.506  178.673 -178.505  -50.507  -39.592   92.019   51.913   14.978
334   -7.217  -97.505   -5.499  172.477 -176.268  -74.165  -41.382   79.874   30.915    6.785
335  -16.726  -84.969  -25.194  175.980 -175.231  -72.897  -47.518   83.699   47.445   -4.053
336  -13.957  -97.061  -24.810 -173.553 -179.781  -87.845  -47.983   68.036   15.102  -24.367
337   -4.924  -76.293   -2.281  179.008 -170.329  -72.011  -62.570   71.268  -24.703    3.015
338   -5.654  -90.934  -45.257 -163.202 -174.003  -68.102  -45.346   83.607   47.946   -4.837
339   10.764 -105.482  -48.476 -158.624  178.895  -66.921  -47.895   77.416   39.190   -6.097
340  -11.322  -88.430  -34.520 -175.794  179.144  -75.442  -40.315   59.622   49.754    2.199
341   -5.021  -90.103  -36.892 -174.650 -174.832  -82.863  -42.411  109.567   53.123  -30.407
342   -5.788 -104.221   -4.185  170.042 -172.868  -66.963  -42.206   80.424   35.210 -146.561
343   17.949  -79.840  -25.061 -163.272 -172.109  -88.784  -44.725   89.645   51.113  166.719
344    4.847  -88.248  -15.747  179.843  171.696  -88.178  -48.052   81.163   68.338 -175.468
345   -0.333  -90.084  -15.689  169.710  175.463  -69.220  -49.706   95.503   40.063 -160.955
346  -13.850  -98.340  -28.724 -157.276  176.455  -81.045  -51.527   82.028   49.739 -166.984
347  -27.528 -114.314  -22.157  178.941 -179.705  -60.188  -49.500   60.010   11.465 -170.221
348    5.761  -42.576  -28.710 -176.898 -177.632  -80.039  -46.126  100.350   38.693 -135.954
349  -12.807  -82.243  -29.501 -172.196  170.877  -73.107  -48.777   89.057   51.741 -161.505
350    1.975  -90.513  -27.231  173.490  174.364  -48.529  -50.347   65.572   40.776 -179.025
351    4.947 -106.045  -62.069 -162.446 -164.932  -79.962  -44.262   94.447   57.444 -156.652
352    2.677  -83.337  -32.851 -174.520 -174.770  -62.470  -53.087   91.402   66.402 -145.401
353  -14.872  -88.765  -41.783 -176.648 -172.611  -69.508  -50.125   86.810   41.008   16.459
354   -5.237 -101.859  -24.762 -164.392 -164.184  -92.898  -47.346   81.740   53.082  169.346
355    0.360  -91.798  -22.540 -172.518 -178.724  -81.416  -49.092   92.195   45.890 -162.880
356  -16.266  -86.791  -29.255  175.460 -171.601  -63.734  -49.012   65.586   48.729 -177.536
357  -23.980  -93.224  -15.090 -175.313 -176.422 -111.382  -50.134   81.240   53.253 -173.015
358  -16.603  -88.260   -1.813  176.856 -177.082  -75.700  -41.733   49.469   43.884 -171.276
359  -26.591  -90.896  -31.448 -175.587 -174.472  -67.461  -39.002   81.926   30.613 -157.639
360   -1.165  -93.421  -25.644 -178.362 -172.268  -73.357  -47.014   69.307   51.067  165.671
361  -13.346 -105.964    2.738  178.796  176.480  -41.540  -44.771   -3.122  -31.823 -163.949
362   10.649  -96.623  -10.078  177.085 -170.886  -80.659  -39.370   53.564   46.570 -161.783
363  -20.964  -86.748  -13.162  158.669  178.999  -75.934  -36.299   71.147   69.246  163.212
364  -41.959  -99.239  -21.257  179.273 -171.430  -75.258  -45.924  107.995   62.740  177.435
365   15.632  -90.208  -16.165  171.532 -177.107  -71.692  -49.156   66.816   45.185 -150.692
366    2.125  -82.052  -31.042 -164.689 -176.189  -80.639  -58.864  105.086   55.285 -170.670
367  -33.876  -97.833  -30.886 -164.489 -173.766  -88.570  -37.560   92.553   54.554 -136.733
368   -1.580  -94.356  -32.283 -159.212  177.641  -85.212  -43.916   85.938   28.969  158.030
369   -0.672  -88.977   21.857  155.876  167.814  -83.886  -46.282   90.405   40.715 -162.683
370  -16.012  -60.184  -25.507  162.126 -174.882  -63.010  -47.562   71.154   51.826 -178.224
371  -16.747 -116.027  -35.900 -175.305 -169.026  -74.157  -44.413   78.354   62.842 -174.485
372   -4.975 -112.696  -36.468 -172.084  169.552  -57.198  -48.658   85.736   62.270 -178.815
373  -15.333  -68.287  -27.481 -175.520  179.082  -82.779  -49.671   72.428   69.731  163.125
374   -8.237  -84.276   -9.426  170.639 -178.778  -85.746  -50.423   59.753   62.841  177.922
375   11.735  -90.385  -34.920 -171.797  179.654  -74.795  -40.951   84.212   42.201 -175.902
376  -22.117  -95.398  -10.731 -178.706 -169.788  -78.625  -55.799   94.502   46.093  158.312
377   -3.597 -107.239   -3.307 -178.189  177.426  -92.619  -35.193   68.336   56.676  167.296
378    3.123  -69.157  -22.822 -169.848 -176.056  -86.494  -41.659   88.365   54.369 -179.338
379  -31.668 -104.585  -12.775  177.834  178.355  -59.516  -47.337   84.576   44.461  159.536
380    4.508 -105.181  -25.527  169.073 -177.431  -66.687  -45.519   74.106   39.670  147.780
381   -7.349  -89.308  -28.109 -179.987 -177.972  -74.812  -43.804   80.816   55.141  175.873
382  -40.043  -93.793  -23.508 -176.112  179.938  -58.794  -53.078   77.793   51.763 -161.684
383   19.528 -103.087  -19.191 -168.742  176.188  -72.784  -48.604   69.820   55.066 -165.144
384  -32.628  -89.212    1.302 -178.301 -175.376  -91.808  -55.238   72.795   51.934  168.002
385    5.814  -83.818  -20.406 -170.352  179.120  -78.010  -48.142   86.845   51.659 -176.717
386   18.238  -87.192  -11.004  163.422 -173.707  -84.016  -51.659   44.293   49.650 -174.168
387    2.663  -82.109  -39.755 -163.835 -174.878  -73.957  -47.461   76.083   56.295  175.281
388   -8.746 -114.490  -28.219 -167.955 -178.914  -80.131  -42.180   53.761   56.736 -159.185
389  -28.767  -92.714  -33.818 -161.295  179.008  -81.848  -38.547  100.232   66.367 -170.697
390    5.353 -112.471  -36.336 -172.098 -177.368  -60.372  -53.007   83.572   43.633  -47.527
391  -10.769  -99.277  -26.172 -164.195 -172.051  -81.972  -44.868   67.930   62.817 -169.253
392   -7.587  -97.144  -22.695 -167.346 -173.080  -81.683  -46.112   84.116   51.930 -167.451
393  -23.054 -102.583  -12.069  178.955 -170.388  -87.829  -50.435   97.501   62.042 -176.204
394   -5.899  -98.869   -2.646  170.022 -172.970  -74.364  -27.283   89.417   24.595 -173.635
395   -9.579  -98.421  -50.739 -165.446 -178.860  -58.324  -37.615   85.209   25.817  176.020
396  -17.539  -95.184  -23.898 -171.642  178.206  -73.677  -52.757   95.417   48.791  154.125
397  -15.441  -99.375  -35.515 -179.390 -178.095  -60.122  -48.199   83.256   47.189  169.705
398  -24.141  -88.270  -44.413 -164.431  179.272  -57.354  -44.624   82.531 -142.664 -159.167
399  -19.630  -71.797  -22.512 -166.323 -170.304  -91.754  -46.785  104.481 -132.421 -164.865
400  -11.365  -97.380    5.890  175.077 -177.686  -78.641  -52.328   89.237 -140.883  171.108
401  -21.566 -100.923  -34.923 -165.321 -175.623  -85.310  -41.640   65.923 -125.033   15.563
402  -16.090  -85.264  -25.259 -171.607 -165.830  -87.212  -39.327   83.629 -141.169    6.506
403  -10.363  -87.071  -27.505 -165.693 -176.263  -72.830  -50.399   89.681 -146.768   10.354
404   -7.936  -99.759  -17.201 -164.392  179.612  -89.088  -44.079   71.107 -137.452  -35.737
405  -20.194  -87.350  -10.678  166.075  178.035  -58.533  -51.020   94.798   97.198 -166.967
406   -6.394  -94.025  -25.460 -168.657  176.046  -78.124  -32.374   54.976   39.799  163.684
407   11.766  -92.146   -4.606  171.775 -178.223  -80.376  -49.923   57.271   11.892  167.198
408   -9.682  -95.767  -23.749 -174.836  173.707  -77.537  -41.426   89.691 -149.989   11.047
409  -20.985  -98.315  -36.701 -171.712  171.071  -47.630  -53.245   54.109 -127.459   24.614
410  -10.003  -82.568  -36.712 -165.304 -168.061  -75.453  -47.635   55.935 -141.234   18.644
411  -27.696  -92.024    5.116  159.677 -172.007  -72.502  -45.438   76.145 -163.695   11.903
412   -4.564  -90.158  -13.667 -166.379 -177.330  -89.277  -47.080   78.570 -119.641   31.293
413   -3.231  -92.010  -10.592  171.111  179.243  -69.707  -63.061  107.472  -53.994   16.742
414  -13.322 -113.174  -28.660 -172.816 -175.104  -66.163  -46.798   82.689 -130.993    8.364
415  -19.882  -99.724  -22.707 -167.327  168.050  -52.792  -52.475   60.667 -137.819   -4.994
416   -6.315 -112.427  -37.783 -155.126  179.550  -70.768  -48.087   72.355 -133.322   15.907
417  -27.944  -93.907  -18.800 -179.133  172.030  -79.102  -46.046   79.512 -120.786 -152.002
418  -34.764 -103.955  -15.742 -175.656  176.850  -79.549  -43.190   86.692 -141.466  179.191
419  -25.439  -95.657  -17.814 -168.284 -174.594  -86.208  -48.564   77.754 -130.270  153.581
420  -11.949  -93.301  -24.024 -168.741 -175.114  -80.677  -47.000   71.233 -154.116 -179.602
421  -22.770 -112.676  -21.709 -176.078 -172.334  -72.825  -51.835   89.325 -145.136  154.880
422  -18.501  -96.339  -24.264 -178.464 -172.328  -70.810  -43.246   63.248 -149.566  169.333
423  -11.937 -101.003  -23.513 -173.746  176.406  -65.727  -47.944   87.910 -133.877  143.430
424  -26.598  -96.643  -13.669 -158.362 -172.284  -84.591  -48.373   81.427 -157.484  167.372
425   -2.670  -91.255   -6.472  177.041 -169.689  -82.597  -47.559   84.282 -136.462 -167.189
426   13.204 -100.455  -21.613  163.362 -170.904  -73.114  -40.402   83.077 -141.339  161.272
427  -23.852 -102.051  -28.150 -173.903  173.109  -72.453  -42.074   83.628 -137.416 -122.322
428  -27.081  -96.901  -34.353 -175.557 -154.958  -77.238  -39.809   58.730 -138.007  -12.128
429   -7.549  -85.193  -24.886  179.023 -173.431  -85.106  -36.987   85.161 -138.139   -9.516
430  -10.065  -93.396    3.147  178.163 -178.440  -72.866  -48.481   77.509 -141.360   18.245
431  -13.789 -100.715  -17.295  176.874 -174.206  -69.701  -41.827   85.417 -122.424    7.027
432   -3.825 -105.907  -22.566 -173.986  172.435  -57.658  -50.645   96.478 -107.803   17.251
433  -24.113  -74.502  -44.522 -154.704 -175.503  -70.185  -46.492   86.042 -150.177   11.739
434  -15.078 -111.099  -31.083 -173.188 -168.039  -88.030  -53.971   72.299 -106.524  168.071
435  -36.377  -88.394  -39.710 -166.899  175.268  -49.886  -49.657   83.460 -149.529  168.265
436  -39.240 -103.976  -29.405 -173.143 -176.635  -75.640  -54.236   59.930 -130.820   20.898
437  -17.188 -106.623  -29.434 -158.234 -178.822  -76.613  -55.726   98.314 -128.083  179.021
438  -26.217  -87.375   -9.111  170.867  176.568  -70.627  -44.035  104.567 -148.377   -0.635
439  -16.475  -93.050  -13.215  176.717 -176.038 -177.772  -56.207  -58.700  -22.919  -11.729
440  -30.718 -115.901  -40.945 -166.758  175.635  105.570  -45.501  170.166  -43.134   -8.563
441  -18.373  -91.389  -17.302 -176.262  174.654   75.188  -40.174    3.344  -69.490 -136.172
442   -3.577 -100.667  -31.733 -173.839  161.211   59.569  -65.776   42.610  -72.071    8.507
443  -22.238 -119.218  -16.399 -172.182 -174.378  -45.042  -64.948   58.229  -20.976   17.885
444  -14.111  -93.731  -36.724 -177.757 -173.595  -70.522  -41.219   60.617   54.992  -21.706
445  -11.137  -99.583  -19.130 -168.045  174.834  -72.682  -45.134   97.298   49.089   -4.189
446  -23.645 -103.751  -50.215 -171.114 -179.110  -60.189  -46.357   94.314   52.190  175.483
447  -24.144 -104.341  -25.462 -165.344 -172.925  -60.200  -59.049   66.539   45.052 -170.160
448  -17.340 -108.361  -12.271 -173.398  175.820  -73.137  -45.304   65.371   46.511 -165.556
449  -12.994 -101.015  -29.811 -166.803 -158.408  -89.696  -45.542   90.807   58.335 -179.325
450  -13.650  -92.341  -33.525  178.611  179.988  -60.253  -45.381   78.112   44.501  -14.021
451    4.474 -107.230  -35.957 -159.199 -172.012  -79.223  -54.446   80.296 -134.508   24.556
452   -9.976  -98.463  -22.419 -160.496 -172.043  -89.720  -48.434   78.339 -141.964   36.426
453    9.109  -79.995  -13.763  169.804  177.278  -75.115  -44.462   59.552 -144.453   31.335
454   -5.307  -94.269  -24.251  163.240 -177.644  -67.916  -39.980   74.221 -103.803   -7.282
455  -25.158 -100.186  -22.971 -179.943 -167.987  -65.934  -52.174   72.856 -117.007  -36.711
456   -0.641  -88.630  -19.786 -177.356  179.529  -76.202  -57.652   89.991 -105.047  -10.787
457  -12.874  -95.510  -25.130 -170.995 -176.173  -71.134  -49.805   87.453 -164.768  -10.989
458  -20.222  -88.345  -16.007 -165.330 -174.628  -89.829  -48.582   92.860 -127.945   10.589
459  -11.380 -104.695  -15.098  177.112 -178.025  -78.279  -53.387  100.103 -111.863  -17.136
460   -8.079 -105.500  -32.107 -163.471 -171.319  -74.427  -49.310   34.462 -150.197 -165.758
461   -8.835  -90.641  -18.085 -178.784 -173.890  -69.318  -46.169   66.604 -139.244 -143.439
462   -2.072 -107.041  -31.547  169.847  177.489  -34.632  -52.729   78.047   53.685 -150.554
463   -4.613  -97.657    1.526  178.755 -170.433  -73.111  -48.579   52.653  -34.610  178.353
464   -8.067 -106.613  -30.810 -173.811 -177.434  -61.702  -51.309   79.090   47.848 -166.884
465  -25.366  -96.516  -34.548 -170.751  178.744  -56.628  -43.569   56.253   32.535  178.515
466   -9.087  -97.944  -30.474 -166.073 -174.789  -80.678  -55.232  108.572   17.141 -160.514
467  -22.105 -112.881  -49.296 -161.643 -179.428  -56.246  -46.813   99.955   31.778 -171.337
468   -1.717  -92.285  -18.249 -165.539  178.528  -85.412  -46.193   87.458   79.542  -17.511
469    3.616 -103.690  -37.749 -167.757 -171.074  -69.794  -53.629   83.004  105.281  154.312
470   -6.644 -112.227  -14.245  173.441 -176.791  -72.064  -39.723   73.779   48.734  170.965
471  -20.574 -103.462  -13.569  178.354 -175.105  -70.094  -44.972   97.613   46.166 -160.115
472    1.681 -109.694  -42.383 -176.484 -174.416  -86.872  -48.628   72.829  113.182 -178.736
473  -39.107 -115.373  -30.169  178.709 -171.814  -56.602  -48.015   48.010   89.655 -162.997
474  -21.373  -91.506  -26.138  176.760 -168.268  -70.767  -40.870   98.021   25.804 -142.355
475    2.791 -110.670  -25.583  176.549  175.831  -61.105  -50.227   71.193   48.727    3.643
476    3.849 -102.733   -4.892 -178.132 -176.758  -77.562  -44.658   72.205   31.174    8.946
477  -15.482  -82.036  -38.129 -170.018  176.115  -65.820  -48.771  101.941   62.295   19.542
478   -2.884  -95.743  -29.172 -163.380 -168.417  -96.526  -33.805   65.789   55.725  -34.721
479    4.659  -94.141  -11.034 -160.615 -170.033  -89.593  -50.871  105.132   49.973  -15.773
480   -7.761 -100.395    8.566  149.071  174.727  -67.261  -49.254   74.299 -112.280   -3.570
481  -10.809  -98.846  -28.568 -166.068 -177.278  -80.275  -53.911   87.586  -69.415   -1.260
482  -34.889  -94.211  -35.147 -148.666 -169.922  -83.254  -51.870   76.653 -140.764    3.612
483    1.296 -105.949   -7.961  176.009  172.803  -73.584  -56.437   67.391  -79.492   -2.112
484    5.428  -90.136  -27.482 -176.262  179.023  -72.376  -42.813   91.383 -148.040  -19.105
485  -30.608 -105.701  -19.132 -164.166 -164.790 -109.066  -34.314   67.177 -125.626  -11.229
486  -10.462 -106.233   -9.037 -178.111 -178.382 -107.969  -43.163   85.890 -130.817   23.376
487   -3.047  -85.063  -18.454  178.218 -177.097  -84.524  -50.598   83.577 -124.322  -13.906
488   -5.563 -110.442  -30.920 -167.856 -162.948  -96.710  -42.155   92.220 -124.559  179.824
489    2.770 -108.479  -42.827 -158.747 -174.052  -92.234  -35.005   98.191 -155.380  173.480
490  -15.325 -102.235  -26.163 -159.227  175.294  -80.086  -48.947   88.740 -121.821 -168.411
491  -20.530  -96.656  -33.998 -173.268  176.933  -50.543  -55.917  125.900 -134.562  154.295
492   -9.640  -92.475  -22.727  169.334  176.422  -61.447  -45.366  117.108 -129.175  179.733
493  -22.442 -109.407  -31.133 -162.305 -163.971  -71.995  -44.977   70.956   38.136 -175.208
494  -14.080  -87.589  -45.108 -171.001 -177.810  -66.407  -32.756   85.992   46.122 -171.498
495  -27.078  -97.913    7.044  179.176 -177.408  -74.308  -51.471   79.221   53.616 -172.827
496    4.741  -94.994  -35.722 -164.891 -171.278  -71.081  -50.566  101.068   48.736   30.800
497    1.867 -105.433  -33.515 -169.538 -173.131  -63.258  -37.374   63.065   38.712   17.895
498   -7.202  -87.683    1.492  163.221 -179.791  -82.519  -43.994   59.211   64.331    3.951
499  -19.188  -94.431  -14.437  165.593 -177.773  -64.186  -45.597   82.479   45.531   -1.516
500  -31.525  -99.454  -31.647 -179.811  174.720  -63.415  -55.955  108.348   60.520  147.900
501   -9.009  -92.034  -49.349 -161.682 -166.564  -68.913  -51.431   66.093 -139.489 -177.707
502  -13.311  -91.802  -30.554 -177.948  179.525  -66.419  -47.485   78.589 -128.606  161.415
503    9.651  -90.229  -31.244 -177.078  168.193  -66.558  -51.730   68.514 -138.703  172.383
504   -9.194  -97.139  -21.217 -152.716  175.150 -109.870  -44.041   84.530 -118.407  172.493
505   -5.343  -93.624  -27.472 -167.679 -164.617  -85.449  -50.910  106.499 -105.875 -156.948
506    2.753 -102.700  -36.508 -172.797 -170.501  -68.782  -53.505  106.921 -144.265   27.730
507   -9.168  -98.741  -10.319  169.746  175.679  -68.373  -41.419   73.823 -148.743   -2.182
508  -16.279 -100.311  -27.221 -171.587 -173.919  -91.328  -40.940   76.180 -126.564   39.388
509   11.636  -71.771  -30.031 -159.866 -172.856  -89.282  -44.423   98.442 -141.505    1.189
510  -33.758  -88.657  -18.553  169.781  177.592  -55.277  -49.547   73.403 -122.922  155.956
511  -18.769 -107.576  -29.605 -161.037 -179.760  -81.915  -45.380   99.987 -121.599  175.452
512  -33.290  -83.186  -25.167 -158.117 -173.960  -89.159  -45.142  100.356 -133.260   -8.125
513  -27.303 -107.979  -29.561 -167.762 -178.502  -72.064  -43.960   79.289 -121.421   15.857
514  -14.099  -93.551  -38.893 -172.894 -173.154  -76.894  -38.814   68.690 -133.033   17.994
515   -7.083 -109.674  -10.704  165.063  174.666  -74.263  -42.776   61.301 -127.044  -20.424
516  -11.170 -100.073  -33.775 -162.024 -177.344 -101.901  -41.013   73.754 -122.272   17.646
517   -9.161  -98.848    1.345 -179.263 -179.402  -84.152  -48.900   78.980 -134.954   -2.284
518  -26.403  -84.661   -2.051 -177.059  172.473  -69.427  -37.696   50.273 -154.805 -164.693
519  -10.454  -97.047  -23.239 -161.193 -173.682  -70.303  -50.692   85.858 -145.312 -178.349
520   -0.512  -96.021  -24.173 -175.392 -168.132  -83.885  -34.731   54.451 -144.632  173.194
521  -16.687 -104.217  -17.540 -171.269  178.930  -84.812  -45.146   96.258 -132.183  173.781
522    4.057  -87.505  -21.604 -170.122 -179.463  -78.983  -43.879   75.327 -149.744 -179.876
523    7.677  -86.156    1.248  155.295 -166.574  -56.924  -43.869   43.837  115.700 -156.046
524  -17.745 -107.188  -20.029 -168.478  174.800  -75.066  -54.752  159.360 -110.267 -124.774
525  -18.523  -81.432  -42.488 -175.837 -178.008  -72.934  -41.751   63.231 -122.286 -177.427
526   -2.628  -72.975  -20.124  179.331 -175.679  -85.972  -37.891  101.992 -124.133  162.645
527  -19.497 -101.678  -26.449 -170.344 -176.101  -89.921  -44.422   94.404 -137.796  163.345
528  -10.065 -106.027  -44.137 -159.634 -162.919  -80.960  -34.744   74.826 -135.262   15.650
529  -26.982  -93.733   -0.635  174.313 -170.713  -88.182  -39.928   55.980 -140.157   11.490
530  -28.810  -95.487  -34.296  176.714 -176.659  -53.215  -45.691   91.572 -112.619  -24.277
531  -25.705  -70.558  -19.968 -174.040 -170.982  -79.104  -48.309   93.372 -134.485  -14.618
532  -16.243 -105.156  -32.423 -158.745 -174.198  -57.958  -48.435   70.008 -136.167  -10.804
533  -22.551 -102.339  -27.436 -169.317 -174.894  -77.958  -40.935   96.153 -131.586   -0.632
534  -11.100 -110.347  -44.677 -157.250 -174.814  -59.545  -56.020   64.269 -139.329 -164.434
535   -7.911  -97.343  -22.030 -172.833 -174.567  -72.918  -47.330   96.796   41.621 -156.691
536   -2.708 -112.757  -26.899 -168.963  178.463  -58.173  -49.802   85.272   33.925  174.497
537  -13.889  -88.635  -31.190 -176.367  177.505  -71.242  -40.633   93.850   57.705  179.790
538  -23.337  -96.218  -15.941 -178.090 -169.410  -80.708  -37.993   80.448   52.108 -169.166
539  -25.245  -99.177  -31.810 -170.140  173.515  -88.083  -38.803   91.516   43.826 -179.090
540  -36.312  -84.179   -9.138  178.579 -173.888  -63.863  -55.691   79.889   40.391 -170.016
541  -18.475 -105.023  -23.897 -163.652 -173.852  -81.929  -60.344   80.739   83.060  173.106
542  -39.434 -101.143  -16.932 -167.639 -172.421  -79.227  -41.678   79.300   56.354  174.609
543  -21.076 -103.043  -25.253 -159.556 -173.807  -89.879  -45.905   90.549   36.425 -178.719
544    4.977  -99.796  -16.869 -161.812  178.553  -90.702  -46.033   92.342 -138.078   23.538
545  -15.923  -96.026  -28.082 -172.014 -176.604  -79.245  -36.746   82.729 -141.523  -18.888
546  -23.914  -79.746   -5.056  173.407 -175.747  -72.341  -32.494   56.498 -140.719   -8.005
547   -4.710  -75.560   -9.272  166.278  176.475  -73.504  -39.833   98.796  168.163  179.982
548  -14.368 -113.151   -8.147 -177.948  169.354  -57.696  -51.081  107.053 -135.557  166.722
549  -10.661  -98.907  -22.323 -174.725 -173.631  -83.541  -41.932   65.001 -135.137  171.461
550   -0.554  -81.659  -27.639  174.659  175.252  -71.904  -59.624 -151.024  -67.103  169.613
551  -19.161  -94.772  -25.170  174.890  173.274  -55.018  -37.965   67.583 -157.589  176.753
552  -21.295  -95.198  -27.943 -174.096 -177.480  -76.402  -39.582   77.886   45.109 -143.083
553   15.688 -110.820   -2.317  152.663  172.359  -47.023  -62.273   95.933   29.418  169.006
554  -12.789  -97.515  -35.213 -168.225 -178.501  -69.548  -58.285   72.643   69.893  172.720
555   -1.564  -97.452  -42.272  173.696  178.822  -50.854  -47.259   73.878   62.715  171.572
556    1.141 -102.830  -39.164 -164.451  178.493  -76.797  -51.547   96.326   51.471 -160.046
557  -28.167 -115.605  -20.608  177.600 -176.861  -67.199  -55.293   72.502   51.735 -171.372
558   -2.090 -101.031  -28.420 -169.373 -172.850  -86.703  -42.563   53.728   60.104  175.349
559    1.972 -107.030  -54.308 -164.500 -177.966  -69.339  -40.410   67.755 -133.191  168.766
560  -14.007  -84.408  -31.352 -159.681  174.335  -76.336  -60.607   82.228 -113.338    4.963
561   -9.944 -112.944  -23.692 -161.340  179.597  -77.460  -48.551   73.022 -126.576  -68.112
562   -8.524 -102.364  -23.111 -164.238 -167.892  -82.181  -48.816   58.935 -152.028   20.559
563   -4.731 -102.267   32.126  169.908 -176.547  -93.529  -45.933   71.013 -149.256    9.484
564    0.785  -82.197  -15.375 -162.027  178.920  -78.492  -61.679   68.545 -124.173   23.255
565   -7.286 -101.775  -36.984 -168.248 -164.948  -87.877  -41.093   20.771 -132.510   15.322
566   -1.868  -96.911  -35.396 -151.190 -174.999 -137.941  -60.661   59.379  -83.818    3.115
567  -20.466  -81.047  -27.473 -173.941  171.525 -123.833  -56.705   56.919  -81.300   31.187
568  -17.524 -104.713  -18.843 -161.639 -177.555 -153.941  -70.191   70.818  -84.829  -11.538
569  -14.581  -91.928   -1.169  171.802 -170.729  -79.159  -50.091   51.634 -136.590    0.567
570  -10.304 -100.409  -12.388 -175.888  179.807  -67.876  -58.038   65.403 -138.404    4.644
571  -11.100  -95.280   -4.463  168.823  177.648  177.683  -65.198   62.624  -19.749  159.457
572  -10.279 -106.183  -19.251 -178.633 -175.727 -147.278  -61.506   37.648  -64.947  147.384
573  -27.468 -105.462   -4.426 -165.256  176.699 -165.772  -57.767   60.561  -67.344  179.770
574   -7.824 -100.320  -26.776 -166.434  179.106 -158.261  -42.981   35.371  -68.489  162.389
575   10.394  -83.283  -30.430 -172.183  172.702 -107.116  -69.173   54.771  -93.876  163.043
576  -64.802  -86.443   -5.145  163.665 -179.316 -125.973  -69.780   54.689  -77.308  172.149
577  -18.506 -113.786  -29.555 -168.197  176.112  -85.831  -52.966   53.001 -131.110  -11.187
578   -6.051  -91.717  -27.628 -160.214 -165.762 -101.218  -38.374   87.946 -125.527   12.201
579  -13.900  -93.312  -24.503 -160.254 -174.883  -77.767  -53.096   90.164 -142.760   -6.474
580  -24.950 -114.301  -29.843 -166.763 -173.047  -71.818  -59.615   69.731 -127.740   20.120
581  -18.224 -106.955   -1.881  174.767  178.621  -68.143  -42.763   44.479 -151.404   15.817
582  -14.593 -102.383  -30.056 -169.292 -179.644  -99.269  -53.577   45.108 -112.558  179.952
583   -7.357  -92.899  -19.085 -177.505  176.782  -56.240  -55.560   74.367 -145.770 -170.011
584   -6.977 -120.875  -24.664 -174.444 -172.548  -61.210  -46.534   80.628 -147.760   20.922
585  -19.072  -95.444    0.753 -175.445 -170.142  -83.282  -56.815   57.550 -140.677  178.915
586   -5.764  -79.091  -36.562  178.754  172.458 -111.040  -59.526   90.400  -71.293  161.707
587  -11.839  -87.956  -27.437 -169.858  178.536 -156.049  -54.963   54.305  -49.869 -177.473
588  -19.931 -104.724  -13.676 -162.785 -179.371  -96.074  -38.763   69.268 -138.066 -164.606
589   -4.205 -109.384  -20.937 -163.614 -171.128  -82.030  -49.389   45.919 -138.366 -169.131
590   -5.210  -89.325  -23.683 -173.433 -174.840  -95.682  -53.261   38.176 -102.798  158.015
591   11.788  -89.780  -20.033 -167.766 -176.489  -58.028  -38.198   59.628 -149.965  145.847
592  -11.262 -100.434    0.568 -175.555 -174.307 -112.068  -43.298   40.438 -126.651 -179.529
593  -26.842 -101.943  -27.122 -166.580  173.369  -91.676  -59.201   44.725 -121.237  174.474
594   -1.887 -101.368    9.694 -175.987 -176.015  -52.443  -56.047   50.161  175.040  -32.968
595    9.738  -82.869   -0.499  168.739  178.043  -43.964  -46.488   46.619 -171.018   -0.300
596   -1.097 -102.672   11.557  170.786 -178.304  -62.966  -56.530   51.418 -175.793  -18.771
597  -14.926  -88.221  -22.280 -174.489 -167.221  -76.466  -48.701   91.982  161.930  174.998
598    4.562  -64.311  -32.658  176.798  163.546  -73.012  -53.596   33.350 -124.922 -172.889
599   -3.994  -86.154  -15.510 -172.221 -177.341  -64.612  -49.186   42.662 -152.509   23.106
600    5.238  -79.849   -9.280  170.002  178.991  -68.377  -66.612   55.915 -123.755   16.306
601  -20.128 -109.786  -26.375  165.444 -167.591  -58.753  -43.325   70.381 -145.342   13.194
602  -31.211 -101.372  -25.454 -169.358 -167.209  -60.847  -47.690   51.812 -159.286  168.922
603   -3.101 -110.677  -15.091 -164.674 -168.644  -63.117  -47.176   58.631  177.846   27.594
604  -29.062  -90.569  -20.717 -158.985 -169.445  -47.040  -64.917   51.338 -177.022   10.621
605    7.675  -98.049   -1.486  163.279 -176.830  -69.750  -42.249   65.457 -156.669   15.095
606  -21.901 -113.006  -28.212 -177.773 -164.580  -67.919  -51.004   21.931 -145.654  150.960
607    4.714 -104.615  -26.123 -171.267 -172.684  -73.505  -50.032   82.870 -147.063  160.665
608  -22.491 -111.940  -26.599 -171.826 -161.841  -87.833  -52.779   52.552 -125.758 -170.892
609  -18.112  -95.951   -0.289 -171.143 -179.315  155.466  -36.975   53.520  -39.859  168.983
610  -68.270 -101.664  -36.373 -166.492  175.843 -139.937  -55.799   65.593  129.917 -175.832
611  -35.201 -110.840  -39.164 -153.676 -177.035 -163.610  -60.035   47.555  128.847 -168.476
612    9.298  -80.975  -30.186 -157.064  176.915 -163.566  -54.247   35.002   94.999  -20.605
613  -35.592 -101.298  -19.837 -166.601 -161.309  -78.016  -46.015   54.601   48.887   -6.383
614   -1.631  -93.735  -22.361 -171.264 -173.288  -87.769  -65.268   43.183   90.308 -145.259
615  -16.924 -121.755   -6.852 -166.953 -166.251  -57.381  -49.734   57.392  -29.161 -157.974
616    8.911  -96.113   -6.443  164.424  175.750 -137.822  -66.100   66.436  118.613  174.592
617  -10.219 -110.634  -26.439 -175.964 -178.230 -121.680  -62.359   57.756   76.771  161.394
618    1.696  -86.833  -38.003 -148.329 -179.216 -134.931  -75.972   54.595   76.324 -172.657
619   -0.741  -96.199  -21.072 -177.884 -175.600 -158.746  -61.370   55.353  114.636 -157.532
620  -24.067 -117.683  -25.520 -159.471 -163.958 -156.855  -53.221   50.622  116.015  135.532
621  -11.546 -101.648  -21.001 -159.645  177.914 -160.443  -56.476   38.656  108.777  176.232
622   -1.830 -100.230  -24.222 -177.304 -172.975 -112.039  -64.591   44.986   72.346  144.539
623  -10.853 -102.244  -20.348 -156.132 -177.152 -100.303  -57.741   66.799   68.166 -166.914
624    3.845  -90.151  -23.425 -178.104  179.371  -89.472  -62.181   58.586   78.240  176.463
625  -18.094  -75.659  -14.137  174.157 -177.740  -94.912  -52.221   42.585   72.834 -176.074
626  -29.248 -104.564  -30.987 -157.997 -178.923  -82.922  -52.000   44.207   52.274 -168.965
627   -5.246  -91.356  -31.102 -170.273 -160.865  -79.505  -56.817   83.105   33.829  176.362
628  -11.833 -100.373  -39.370 -158.779 -178.066  -72.761  -52.070   69.683   38.441 -173.776
629  -70.645  -82.071  -23.613 -167.922 -156.035  -87.748  -47.883   72.769   47.918  164.804
630   17.561  -87.770  -10.499 -177.439  178.643  -76.186  -46.004   83.899   41.847 -153.149
631   -4.773 -100.316  -17.781 -167.580 -169.135  -79.089  -50.162   62.155   44.586 -173.148
632    0.345  -80.203  -10.504  175.591 -175.403  -55.909  -54.066   65.106   13.504   19.223
633    3.843  -90.451  -17.663 -175.717 -174.306  -80.498  -46.753   53.484   50.448   22.377
634   17.237  -91.921   -1.277 -170.728  177.336 -161.738  -68.331   55.298  137.085  -21.200
635  -15.968  -89.146  -33.783 -165.905  172.753 -119.219  -58.042   51.889   42.257  142.364
636   -7.328 -102.969  -23.704 -173.889  170.731 -154.817  -42.736   69.874  149.488 -176.934
637   -0.911  -69.180    7.385 -178.578 -177.694 -168.660  -56.203   55.243  130.822  179.581
638  -56.724  -85.833   -6.297  179.309  162.044 -148.154  -61.020   78.605  117.290 -167.486
639  -18.589  -79.076    1.022 -178.873 -175.861 -146.558  -56.188   29.774  109.697  169.510
640  -24.985 -102.050  -28.499 -169.543  172.638 -118.762  -69.582   63.899   74.941  179.611
641  -14.292  -99.268  -12.557  177.797  179.177 -127.732  -72.945   78.477   87.955  171.672
642   -1.925  -97.967  -22.750 -173.843 -177.884 -136.276  -62.645   61.906  104.162  174.802
643   22.059 -101.543  -25.800 -158.673  179.226 -167.676  -60.300   53.654  126.942  178.050
644   -6.624  -74.855  -14.077 -177.636 -176.648 -120.504  -63.995   25.392   82.552 -156.058
645   -3.272  -77.695   -5.649  175.303  179.484  -60.765  -53.345   72.342   40.664  168.509
646  -20.965  -95.005  -36.407 -163.598  175.898  -88.600  -62.065   48.650   62.778 -177.856
647  -48.652  -86.577   -8.819  179.512  174.317 -142.274  -58.598   63.199  131.473  167.774
648    7.043 -109.771  -31.901 -168.428  178.455 -137.505  -66.720   46.142   91.164  151.648
649  -19.815 -122.225  -45.871 -176.243  164.272  -85.201  -71.050   67.509  109.623  175.441
650  -19.728  -99.905    9.725  169.671 -178.877  -71.620  -51.676   84.782   23.899  -13.440
651   -2.607  -92.376  -32.594 -164.578 -179.954 -121.229  -70.085   48.698   98.829    8.783
652  -22.319  -85.896   -3.385 -178.983 -178.248  -79.882  -56.194   64.030   35.856 -160.942
653   -6.194 -104.752  -17.012 -166.588  174.902  -81.016  -52.170   58.559   51.773 -173.705
654  -14.737  -91.831    2.358  159.263  178.319 -138.372  -59.654   54.010  120.194  165.678
655   -0.472  -96.080  -19.192 -174.312 -165.347  -77.380  -53.748   54.551   47.397 -157.820
656  -17.879  -86.350  -15.661  175.813 -171.483  -74.532  -44.137   64.820   48.870 -167.118
657   -8.201  -98.280  -38.370 -171.879 -176.484  -98.308  -55.567   37.161   88.569  152.845
658  -18.032 -113.099  -40.287 -162.704 -167.096  -75.643  -54.464   92.826  138.750 -175.567
659    6.125  -89.428  -33.034 -173.969 -166.709  -81.928  -44.233   46.563   65.127 -171.955
660  -17.610  -98.331  -32.974 -162.394 -163.221  -81.577  -46.185   49.633   46.785 -170.615
661  -28.015 -103.053  -25.260 -172.542  175.118 -132.402  -59.598   46.449  121.780 -170.707
662  -19.601 -111.431  -13.754 -167.550 -170.738  -82.279  -37.375   49.421   11.298  151.043
663  -17.461  -95.623  -32.705 -162.055 -168.535 -170.409  -54.780   59.951  133.354  156.037
664  -12.825 -105.337    2.262 -166.617 -172.488  -53.909  -82.440   66.818  -88.956 -165.271
665  -14.587  -89.039   -7.695 -175.461 -166.942  -55.397  -61.481   57.274   47.363 -164.324
666   18.030 -110.193  -24.298  177.019 -176.920  -68.933  -48.315   53.811   41.066 -149.078
667   10.356  -99.276   15.704  154.315  174.143  -76.586  -61.474   59.262   27.767 -150.161
668   -2.702  -95.264   -3.274  169.613 -174.755  -68.759  -50.200   85.680   29.890 -156.092
669   -8.079  -87.951  -23.564 -178.021 -175.746  -72.152  -51.727   82.913   48.126 -172.999
670    1.830 -126.295   -5.088  166.680 -176.992  -64.358  -48.824   85.964   34.925 -162.259
671   -4.917 -100.870  -29.405 -177.880  171.780  -59.384  -43.180   95.684   32.720 -142.015
672  -15.586  -81.415  -17.205  165.820  174.520  -62.640  -39.105   84.005   43.672    1.282
673    0.512  -85.391    0.540 -178.938 -175.918  -84.956  -52.179   71.418   41.832  -20.832
674  -17.919  -89.258  -30.465  179.213 -167.175  -67.689  -51.580   82.751   64.794 -176.450
675  -13.104 -117.174  -27.850  176.112 -170.042  -61.508  -36.297   77.089   34.597 -179.255
676   -1.488  -98.118  -20.217 -177.879 -172.278  -77.037  -51.388   85.125   30.417  172.875
677   -7.753  -89.304  -27.306 -169.143 -172.296  -75.761  -45.530   66.987   38.189  -15.819
678  -16.759  -77.288  -34.715 -169.873 -176.609  -77.310  -48.329   59.030 -137.204    9.824
679   10.651  -83.808  -16.528  178.046 -179.073  -67.674  -46.067   87.131 -131.715  -12.342
680  -17.967  -78.875  -20.902 -177.728 -175.957  -72.334  -47.599   79.492 -132.511   -3.764
681  -20.058  -94.154  -12.101 -171.525 -176.858  -90.060  -49.802   95.277 -113.808    9.820
682   -9.036 -101.958  -21.083 -170.042 -175.981  -84.297  -58.285   79.585 -122.361   40.374
683   -2.451  -99.221  -34.762 -175.474 -172.376  -77.437  -43.494   84.192 -124.419  146.508
684  -19.628  -83.079  -16.859  177.671  178.476  -70.489  -47.909   71.528   44.327 -155.706
685   -8.116  -92.395  -14.820 -166.943 -160.969 -100.729  -40.928   56.966    2.826 -158.054
686  -22.355  -92.054  -11.681  169.414 -166.774  -64.021  -45.774   58.099   37.572   -0.091
687   -8.038 -104.567  -11.566  176.635 -176.496  -59.589  -57.269  101.152  -31.284   -7.021
688  -15.279 -108.821  -26.986  169.436 -176.789  -72.924  -38.044   65.663 -135.615   17.441
689  -10.335 -110.420  -18.467 -179.214  177.183  -51.681  -56.770   69.253 -134.572    5.834
690   18.462  -98.753  -11.749  177.559 -178.182  -69.548  -45.387   60.851 -131.727  -17.337
691   -4.424  -99.143  -16.484  176.531 -176.732  -64.305  -46.556   86.206 -142.335  -34.964
692  -26.602  -99.387  -27.428  147.795  173.124  -44.008  -41.413   75.770 -153.151   68.943
693  -35.364 -103.978  -23.358 -179.688 -175.964  -66.257  -56.435   90.523 -125.768    7.176
694   -9.308  -74.266  -17.073  165.731 -172.088  -71.820  -36.778   69.054 -144.275 -158.814
695    1.026 -108.355  -29.380 -172.555 -173.735  -67.645  -49.012   44.809 -149.663    6.815
696  -23.698 -102.839  -16.194 -172.704 -177.321  -86.417  -45.822   83.277 -126.934   28.641
697    4.196 -101.898  -21.573 -170.822 -171.600  -76.264  -50.401   84.677 -138.439  -15.642
698    1.618 -109.067  -11.612  175.852  176.005  -71.883  -39.314   91.809 -133.633  147.805
699  -21.516  -97.573  -43.619 -168.218 -176.417  -81.401  -37.679   74.350 -126.905 -177.690
700    0.099 -103.591  -19.207  177.886 -177.317  -65.917  -53.173   91.132  -81.159   -0.949
701  -20.552  -78.275  -21.132 -160.255 -177.534  -70.458  -55.952   67.555 -138.661 -162.594
702  -20.423  -97.257  -39.846 -161.746 -175.003  -86.054  -49.749   45.323 -128.160   21.273
703  -33.035 -104.662  -21.330 -173.776  177.910  -55.924  -53.976   96.647 -160.282   25.858
704   -6.416  -77.469  -11.377  170.788 -179.983  -77.093  -61.248  130.666   83.443   -7.721
705    5.757  -85.601  -27.530 -169.739  176.721  -84.597  -53.133   97.900   44.415  172.095
706    1.199  -94.171  -33.819  176.468  177.391  -71.379  -49.347   92.736   70.170   30.764
707   -7.928  -68.562  -38.841 -172.739 -171.558  -61.771  -48.287   93.049   44.776 -165.656
708  -13.241  -98.557  -24.181 -169.092 -173.590  -76.584  -44.945   74.383   40.597 -171.658
709   -4.683 -121.060   -2.883  162.281  177.115  -74.056  -47.449   86.986   39.240  176.395
710  -35.179 -104.555  -18.612 -179.506 -178.954  -81.298  -37.720   54.865   53.892 -171.042
711  -10.679  -87.289  -16.231  177.301 -178.851  -78.669  -51.801   69.365   46.991  176.724
712    3.208  -99.979  -28.283  163.360 -177.808  -65.223  -41.125   72.993   51.978   -9.809
713   26.488  -89.208  -32.712 -169.682 -163.185  -96.014  -43.662   74.125   57.879   18.184
714  -21.561  -98.415   -6.063  176.554 -168.363  -70.666  -50.429   76.568   52.413   -3.218
715  -19.887 -116.208  -24.848 -175.144 -166.974  -87.017  -38.765   83.653   56.111   20.985
716   -5.621  -87.285  -21.090 -179.923  178.809  -62.790  -50.228   89.032   68.879   -8.274
717  -10.849  -91.465  -18.612  178.475 -175.224  -71.129  -43.863   82.402   37.188   -6.904
718   -1.377 -120.491  -33.159 -159.678 -170.318  -75.474  -54.662   94.891   55.141   -6.625
719   -3.280  -85.516  -19.162  178.714 -165.974  -81.474  -40.567   59.110   34.335   16.637
720  -10.688  -92.323  -24.958 -165.621  179.704  -83.410  -43.435   40.197   67.604  -11.508
721  -10.305  -90.027  -25.745  178.429 -175.544  -71.559  -48.661   91.573   66.774 -174.210
722    7.992 -119.992  -19.509 -177.443 -172.458  -78.060  -41.480   71.496   47.680 -163.594
723   38.783  -83.269  -37.057 -162.411  171.164  -65.769  -44.907   66.148   21.024 -166.936
724  -13.050 -108.714   -8.543  176.671  178.566  -86.364  -55.712   93.833   63.007  172.849
725  -19.118  -87.742  -48.588 -159.968 -170.520  -80.217  -49.609   61.214   77.059 -155.057
726  -14.892  -98.138  -32.719 -163.674 -179.142  -62.375  -55.037   65.360   65.101 -170.711
727   28.201  -98.728   14.767  157.076  178.400  -97.187  -67.057 -173.662   96.649 -163.168
728    3.066  -87.638  -40.952 -167.176 -168.913  -71.834  -49.977   85.990   37.376 -175.116
729  -19.729 -101.820    0.913  177.141 -170.580  -93.079  -57.982  104.134   51.332 -173.804
730    0.555  -94.708   -8.892  168.263  178.264  -77.950  -41.473   73.907 -143.738    7.664
731   14.520  -98.386    3.513  155.326 -170.067  -77.156  -40.838   41.317 -125.235    7.298
732    0.576  -76.108  -38.807 -171.928 -171.998  -80.371  -48.284   84.338 -137.383  156.849
733   -3.012  -91.375  -28.331 -161.962 -176.171  -87.106  -50.843   72.466 -102.136  177.147
734    8.397  -87.635  -15.858 -170.523 -174.138  -76.743  -49.303   66.193 -132.418 -151.295
735   -1.079  -83.771  -18.407 -177.026 -176.819  -88.980  -45.145   53.228 -128.204  163.293
736  -13.187  -96.600  -25.741 -172.109 -174.056  -80.417  -46.951   90.458 -125.620  169.740
737  -19.277 -113.350   -1.926  163.375 -179.497  -79.614  -34.082   71.339 -128.632 -177.614
738    4.322  -73.899   -9.578  170.161 -179.241  -93.203  -51.296   85.403 -133.340    4.196
739   -7.721  -84.584  -11.786  177.514  177.758  -86.999  -51.542   78.332   50.756 -167.221
740  -11.035  -89.519  -17.061 -165.903 -164.247  -96.390  -42.664   71.780   61.277 -166.978
741  -11.370 -102.816  -23.922 -174.762 -177.740  -86.721  -42.099   76.364   52.803 -175.110
742  -19.228 -101.510   -9.090 -172.162  174.476  -76.897  -49.146  111.374   42.946   10.973
743  -21.747 -100.015  -28.615  178.448 -165.329  -72.516  -28.468   66.026   19.438   -4.517
744   -7.439 -113.974  -27.752  175.931 -179.095  -96.402  -48.621 -168.411   95.511 -164.369
745  -22.277 -106.138  -24.515  176.735 -173.587  -73.819  -46.006   87.461   47.924 -143.760
746  -15.521  -84.946  -17.830 -173.316 -167.765  -76.896  -54.356   71.363   32.491 -162.400
747   10.961 -112.273  -26.138 -171.909 -171.388  -92.770  -37.216   54.556   37.034 -173.413
748   -4.281  -94.287  -27.182  174.938 -178.729  -64.837  -40.926   80.473   62.559  159.131
749   -2.275  -97.154   -6.010  176.390  179.448  -80.108  -71.853  179.705  149.446  179.613
750  -14.164  -94.969  -17.850 -174.789 -172.424  -72.023  -47.856   80.336   45.290 -170.828
751  -10.677 -114.430  -31.773 -161.414 -177.808  -60.049  -47.807   76.758   40.945 -174.107
752  -47.198  -86.865  -30.609  178.798 -176.701  -67.875  -53.824  101.680   22.593  179.916
753  -81.148  -87.442   -5.030  170.127 -171.003  -80.794  -57.237   88.526   58.508 -176.715
754  -19.562 -115.289  -34.031  177.784 -171.117  -56.298  -47.714   72.280   44.882  178.162
755   15.005  -98.005   -6.085  174.156 -177.857  -88.435  -46.940   75.651   41.169   16.637
756  -13.762 -113.353  -38.362 -151.922 -178.358  -97.041  -40.623   98.741   45.430  168.546
757  -14.412  -85.555  -28.245 -168.355  178.586  -76.013  -51.969   84.649   56.114 -159.615
758  -10.298 -107.976   -8.751  170.115 -177.438  -71.333  -51.280   89.242  -70.539  138.709
759   12.439  -83.841  -28.581 -169.759 -175.194  -75.759  -54.783   94.820  151.439  169.255
760   -9.206  -88.719  -29.632  167.477 -173.424  -72.747  -47.224   85.694 -130.207  171.941
761  -10.648  -73.015  -17.770 -177.755 -174.097  -82.400  -48.897   83.416 -130.971 -177.577
762   -8.665  -77.257   16.982  160.998  172.289  -94.951  -32.432   57.747 -141.075 -169.535
763   -7.118  -90.615  -33.289 -176.643 -174.388  -63.811  -54.971   69.229 -130.846 -157.883
764   -7.256  -97.509  -13.461  160.813 -176.392  -63.453  -45.623   50.997 -128.931  168.619
765    0.973  -88.801  -19.195  169.892  177.182  -78.727  -35.236  109.871 -132.648 -176.523
766  -23.789 -101.014   -6.815  148.319 -174.769  -66.149  -57.346   85.934  -91.206  179.207
767   -9.172  -92.385  -29.105 -159.304 -177.604  -82.143  -53.538   93.566   74.909    1.462
768   -0.025  -93.319  -36.731 -168.497 -178.279  -80.693  -47.372   86.852   68.907    5.654
769   -8.801 -120.275  -36.715 -164.042 -174.492  -56.714  -50.565   81.332   22.340   11.726
770   -3.353 -113.379  -22.289  177.692  176.029  -59.011  -50.785   62.934   51.180  -20.303
771  -12.910  -89.764  -17.597  162.292  173.694  -62.039  -45.614   83.036   59.293    1.975
772   -2.883 -108.929  -22.083  170.720 -179.768  -65.547  -42.827   62.142   41.696  -18.718
773    0.049  -89.601  -17.123  176.657 -171.741  -74.503  -45.320   79.785 -131.626   24.809
774   -4.303 -104.033    0.301  161.129  174.156  -68.484  -47.928  101.410 -136.138   -4.021
775   10.818 -108.103  -22.568 -179.940 -168.785  -86.960  -37.747   75.514 -113.180   -1.255
776  -38.999  -91.211  -36.778 -176.603  176.301  -60.238  -48.537   65.384 -111.313  -13.049
777   16.829 -121.024  -16.916  170.411 -179.859  -68.167  -60.142   76.338 -114.055    8.692
778  -19.135 -106.016  -33.447 -168.529  175.940  -56.357  -49.963   72.002 -134.783   14.796
779   -7.531  -97.031  -14.167  159.752  175.611  -71.915  -46.258   61.812 -131.946    7.115
780  -17.406  -95.104  -40.677 -167.788 -178.288  -66.616  -48.916   78.156 -122.077   -2.631
781   -3.414  -89.266  -33.615 -173.021  179.056  -59.737  -58.706   72.435 -128.559    5.939
782    8.288  -84.205  -17.775  179.237 -164.910  -85.921  -50.172   79.828 -123.396   -6.947
783  -11.393 -122.287  -31.798 -173.238 -178.540  -68.171  -51.676   70.502 -120.825   41.636
784  -14.553 -105.307  -44.437 -171.991 -173.012  -53.658  -45.361   88.612 -140.438   -6.741
785  -20.345 -107.224  -23.997  169.561 -175.071  -68.176  -45.665   96.056 -125.562   10.172
786    3.056  -91.372  -26.523 -171.444 -175.004  -84.367  -41.254   72.466 -134.100   15.002
787   -1.855  -93.385  -35.223 -147.144 -173.478  -80.615  -52.303   71.782 -136.676   10.183
788   -9.511 -102.019  -46.863 -167.537 -165.911  -76.284  -33.627   89.542 -142.884   20.967
789  -14.215 -103.990  -33.418 -163.454 -167.247  -79.597  -34.098   66.313 -141.775   12.934
790  -33.297  -97.606  -25.454  171.583  178.816  -69.050  -41.737   72.757 -133.045  -39.794
791  -22.709  -92.424  -12.306  174.105  178.793  -59.327  -48.103   81.882 -127.981   10.459
792  -19.428  -98.968    1.467  160.647 -179.434  -82.998  -49.212   88.158 -124.508   -1.495
793   14.329 -109.618  -38.565  177.837 -175.910  -85.457  -32.228   68.285 -120.202   24.350
794   -9.470  -61.257  -20.540  166.679 -177.581  -59.917  -51.997   88.675 -139.378    4.218
795    8.027 -107.921  -35.779 -176.303 -173.723  -76.013  -29.445   44.498 -146.350    6.104
796  -12.074 -102.026  -15.394 -175.612 -174.407  -69.416  -35.285   61.492 -138.729  -16.055
797  -29.607  -96.322  -25.266 -167.002 -172.908  -83.511  -44.710   85.686 -127.987  -12.475
798  -20.017  -94.130  -41.964 -163.249  171.946  -81.989  -47.938   92.422 -127.545   14.888
799   -9.312  -95.269  -21.364 -168.120 -173.648  -83.051  -48.531   94.990 -128.853  -12.097
800    6.852  -87.774  -20.632 -175.567  177.960  -74.851  -42.971   74.727 -138.690    4.616
801  -13.094  -89.994  -28.775 -146.271 -172.541  -75.855  -46.345   90.957 -143.885   -2.353
802  -20.572 -104.369  -24.846 -167.919 -173.766  -77.710  -54.747   60.572 -144.051   20.157
803  -10.389  -99.066   -4.867 -174.510 -163.368  -93.253  -48.251   77.322  131.281  -34.822
804   16.011  -87.260  -15.437 -167.992 -179.555  -85.375  -55.429   99.961  136.625    6.814
805   -0.480 -118.184  -12.571  176.759 -167.902  -81.887  -45.639   93.591 -136.113   23.340
806   -6.485 -103.114   -5.018  177.924 -176.759  -82.904  -42.018   69.786 -142.188 -165.413
807  -13.742 -100.054    1.424  163.631  173.707  -73.083  -45.033   69.154 -149.678 -153.855
808  -18.480  -90.902  -10.615  169.336  174.603  -54.726  -47.844   78.775 -136.226   11.674
809   -6.276  -92.863  -25.369 -178.899 -161.732  -84.785  -39.378   74.996  -95.308    4.902
810    2.105 -110.750   -4.108  172.512 -177.289  -59.108  -54.400   64.619 -118.735   -8.792
811  -12.250 -115.805  -16.344 -167.548 -172.853  -90.902  -38.629   74.634 -135.686   -5.389
812   -8.481  -77.894  -25.621 -171.644  174.888  -77.086  -55.555   84.537 -120.549  -22.003
813  -20.214 -102.035   -4.880 -177.667  179.645  -76.848  -46.364   85.663 -146.645   35.297
814   -2.290  -93.726  -19.765 -179.176 -178.020  -76.320  -45.664   90.900  -98.384  -10.275
815   -2.445 -107.635  -27.023 -156.922  179.441  -71.208  -61.040   96.467 -125.344    0.119
816  -17.050 -102.689  -18.068 -170.219 -165.487  -68.675  -62.993   91.648 -165.318   10.157
817   -3.188  -88.252  -12.200 -170.502  179.402  -74.480  -60.855  110.660   68.032  -38.344
818  -14.031  -92.316  -13.285 -171.994 -174.463  -84.675  -43.820   78.397  -38.050  -14.997
819   12.540 -110.162  -22.078 -179.690  174.225  -70.621  -47.067   61.141   69.977   12.395
820    0.372  -86.458    5.223  163.764 -179.419  -69.471  -51.586   78.438 -147.610   19.734
821   -2.641  -65.253  -17.476 -179.053  176.276  -75.314  -55.362  100.383 -123.831   27.914
822  -12.136  -55.907  -11.508  169.654 -156.481  -76.448  -46.653   55.985 -179.753   -6.633
823   -3.665  -95.321  -23.598  175.384 -170.662  -54.761  -53.771   90.235 -150.018   20.569
824    5.853  -95.267  -23.147  177.444 -175.847  -73.210  -42.573   81.532 -118.633    5.398
825   -8.246  -97.446  -35.423 -178.395  176.255  -65.562  -54.501   84.545  -39.554 -173.857
826    6.095  -77.583  -36.797 -162.631 -169.038  -89.742  -57.339   74.120  -90.402 -164.515
827  -16.011  -92.995  -26.284 -176.085 -177.529  -46.730  -57.483   57.513  156.570   60.986
828   -5.622  -86.015  -29.324 -174.688 -177.612  -71.890  -53.598   86.126   73.030    1.274
829   -8.002  -99.596  -15.774  177.392 -177.629  -69.687  -45.529   73.172   69.842   12.236
830  -39.522  -93.300  -12.072  177.521 -171.324  -71.545  -47.900   81.245   95.202   33.054
831  -11.426  -87.436  -29.471 -172.685 -162.250 -111.273  -57.957  169.607   76.322  155.429
832    1.621 -112.999   -1.312 -178.285 -177.684 -102.412  -50.663 -177.389   82.490 -175.481
833  -24.812 -109.177  -25.429 -157.797  176.537  -85.925  -53.780   97.767   63.092 -175.517
834   -8.659 -101.498   -1.312  163.622  174.738  -67.131  -47.408   93.026   55.235 -178.407
835    9.488  -91.041  -13.057  167.620  179.506  -76.225  -47.647   70.676   57.824   21.963
836  -15.365  -99.337   21.972  160.248 -171.412  -89.603  -47.733   87.685   46.739   12.635
837   10.669  -91.254  -39.005 -175.274 -173.148  -80.681  -40.687   77.842   54.751   -0.615
838    7.115  -88.125  -20.413  175.013  178.997  -76.379  -51.380   77.888   64.956   -1.851
839  -11.311 -101.773  -20.013 -163.936 -179.308  -87.599  -43.116   74.160   48.974    2.794
840    4.807  -57.274   -9.990  165.764 -177.003  -63.683  -48.814   79.363   61.148    5.872
841   -6.116  -92.394  -29.199 -166.287  178.569  -76.670  -47.915   85.976   54.582  168.461
842   -2.716  -92.879  -38.540 -158.087  172.381  -71.408  -36.072   76.187   45.337  172.468
843   19.342  -81.943  -26.476 -167.581 -176.129  -78.380  -58.005   87.727   35.545 -134.885
844   -7.965 -111.796  -46.341 -175.448  177.975  -57.857  -50.039   79.659 -147.356  -13.734
845    0.224 -103.280  -16.111 -164.794 -178.997  -82.156  -45.934   87.416   42.734   17.046
846  -27.256  -92.710  -17.171 -172.446  174.635  -76.236  -53.617   90.312   49.753 -137.679
847  -13.353  -87.762  -22.390 -165.308  177.319  -82.625  -41.611   80.345   58.334 -179.600
848   -3.530  -76.661  -25.606 -168.211 -176.677  -66.048  -49.324   57.055   50.614  163.874
849   -2.980  -94.039  -17.988 -169.648 -174.208  -67.182  -50.628   72.804   51.297 -169.257
850  -35.697  -92.466  -32.215 -162.615 -171.134  -72.534  -42.154   69.960   34.538 -162.133
851  -21.723  -75.341  -23.194  177.188 -179.847  -59.084  -50.603   80.991   44.632 -173.160
852    0.886  -92.716  -24.952 -179.517 -169.617  -72.637  -34.944   68.644   21.785  179.868
853   -2.600  -85.727  -37.716 -174.259  178.385  -63.523  -50.479   75.336 -129.307  -14.811
854  -17.701  -73.229   16.186  155.036 -166.190  -68.613  -53.819   62.915 -178.824   11.366
855    4.024  -85.706    3.759  166.850  179.848  -74.764  -53.434   66.250 -139.547   -3.864
856  -12.347 -101.380  -18.197  176.329 -171.243  -67.841  -39.081   58.317 -142.419   -2.804
857   -2.015 -104.306  -34.686 -163.325 -179.375  -75.505  -58.529   77.727 -114.735  -13.529
858    4.428 -117.118  -31.526 -163.150  179.569  -78.497  -44.164  108.917 -132.982   18.333
859  -16.960 -113.475  -15.817 -172.210 -179.218  -64.625  -43.216   79.108 -132.101    5.213
860   -5.557  -84.315  -33.714 -171.219 -175.658  -67.270  -49.653   65.884 -148.971   20.383
861  -23.492  -93.517    1.410  171.574  178.137  -76.025  -51.153   79.005 -132.982    4.140
862   -0.066  -76.919  -28.490 -172.561 -177.444  -77.392  -44.996   77.519 -135.701    6.253
863   -6.108  -79.390  -12.383 -179.334 -173.588  -73.023  -36.785   59.778 -145.886   17.803
864  -24.382  -86.942  -20.874 -168.359  171.943  -80.473  -45.739   65.338 -130.675    0.320
865   -1.800  -96.682  -27.902 -174.956 -179.039  -75.928  -44.508   81.320 -138.719   11.841
866  -19.688 -107.618   -4.262 -179.873 -179.753  -66.255  -47.257   44.517 -154.546    1.222
867  -21.578 -101.240  -30.644 -177.508  171.453  -61.441  -49.567   69.086 -122.227   17.506
868   -3.430  -96.812  -32.086 -178.678 -178.867  -64.764  -50.542   80.904 -153.628   -1.091
869  -20.926 -109.791  -24.279  171.420  178.934  -59.748  -41.219   70.362 -133.274    1.646
870   17.594 -104.574  -24.401  177.724  177.371  -53.882  -53.022   83.502 -152.053    6.240
871  -33.760  -69.867   20.218  155.811 -168.839  -84.784  -39.688   70.101 -150.966   -1.345
872  -24.518  -79.756  -35.061 -158.047 -168.260  -75.217  -56.208   93.510 -127.976    1.488
873    5.940  -81.785   -2.409  167.323 -174.452  -73.439  -47.634   90.113 -141.518   -7.555
874  -16.102 -103.089  -53.065 -163.541 -173.986  -54.175  -42.739   72.283 -134.389    8.151
875  -17.266  -93.405   -3.711 -172.904  177.357  -69.351  -48.364   56.126 -159.123   10.082
876   -0.402  -86.055   -8.055  171.102  179.813  -79.193  -62.542   55.809 -129.536  165.286
877    5.297 -100.537  -19.213 -169.426  178.863  -72.515  -41.104   88.447   49.050 -159.811
878  -13.915  -93.296   -5.798 -171.424 -176.191  -81.800  -45.228   98.213   59.460  149.988
879  -24.649 -100.117  -26.218  174.299 -170.045  -64.587  -41.316   84.754   35.922  175.615
880  -17.528 -102.881  -10.201  179.846 -169.603  -88.506  -42.103   88.337   45.013  166.695
881  -17.104  -93.022  -32.376 -169.473 -169.687  -66.082  -53.400   71.736   46.194 -164.026
882    0.114  -97.879  -11.717  162.424 -174.272  -62.334  -50.697   89.460   89.949 -177.529
883  -22.936  -87.644  -35.482 -172.573 -168.536  -70.145  -61.840  114.426    3.383  -99.536
884  -12.701 -112.568  -19.331  175.879 -178.040  -64.505  -50.819   83.261   34.488 -162.547
885   -3.213  -78.279  -19.267 -163.764 -171.433  -93.601  -58.555  110.155  151.900   31.043
886   -7.203 -106.572  -16.232 -174.669  170.849  -72.727  -50.479   78.858   31.760   57.364
887  -15.850  -94.682    1.433  175.758 -176.511  -89.315  -46.584  100.611   35.556   18.057
888  -31.739 -118.178  -14.315 -178.910 -176.048  -67.799  -51.275   68.860   54.323  -19.080
889  -21.326  -89.788  -28.159  179.351  177.865  -71.673  -43.291   90.712   60.094  170.130
890   -4.214 -104.142  -23.217  175.273 -172.318  -56.221  -55.893   64.700  163.343   19.319
891   -7.316 -106.671  -23.640  168.233 -166.402  -75.228  -43.678   97.728   41.992  172.351
892   -6.058 -103.306  -31.981 -164.695 -166.759  -96.988  -47.530   91.384 -127.572  159.515
893   -7.579  -88.051  -11.467  174.755 -173.298  -61.623  -59.567   92.479  -71.281  159.326
894   -4.775  -97.848  -17.370 -169.577 -171.118  -67.369  -65.666   83.809   -7.100  164.277
895    8.224  -97.429    1.685  166.912 -171.159  -80.484  -59.217   96.265  -60.461  -16.576
896    0.856 -100.112  -16.192 -164.032 -172.246  -93.929  -49.233   70.374   63.916  -26.108
897    7.333  -99.479    0.789  171.074  172.811  -72.529  -52.683   82.430 -111.878  -16.066
898    3.972  -99.572  -21.166 -172.703 -175.823  -70.446  -51.383   56.798   25.729  -15.992
899   13.040  -77.749  -37.524 -173.529 -171.622  -76.640  -56.494   97.550  -31.926    7.843
900   -2.869  -92.050  -33.465 -163.146 -178.420  -67.839  -51.544   82.504  179.396  172.985
901  -13.819  -85.498  -12.275  172.992  179.088  -77.242  -40.873   78.588  -75.645    6.410
902   -1.441  -89.714    3.991  172.592 -177.393  -74.572  -57.963   90.918 -122.921    9.151
903  -13.264  -97.984  -27.611  174.498 -168.825  -75.237  -44.202   65.836  117.714    4.599
904    9.339 -119.220  -21.038 -165.664 -161.507  -66.154  -60.655   74.063   79.653   32.374
905   -1.107  -85.386   -4.301 -173.082  179.524  -99.162  -42.822   80.972   45.710  175.741
906  -27.564  -94.304  -22.152 -157.998 -178.993  -92.003  -42.956   76.853   61.700  168.312
907   -4.176  -84.031   -7.241 -175.380 -162.149  -67.271  -56.511   47.346 -104.220 -173.790
908   -1.205  -67.175   -3.974  173.810 -171.112  -66.585  -59.728   59.109  -85.464   -8.602
909   -6.775  -90.327   -9.452 -167.649  175.512  -91.563  -44.998   87.554 -117.059   20.704
910    4.523  -97.669  -22.416 -178.127 -176.798  -84.867  -51.305  106.321 -118.575   18.314
911  -30.073 -105.826   -3.120  173.855  179.259  -64.425  -60.065   89.262  -72.422  -11.104
912    3.716  -94.064    4.037  177.895 -178.661  -76.761  -52.123  115.421   62.246 -173.590
913   -4.721  -82.815  -14.505  179.199 -179.416  -73.050  -54.616   50.450   58.325 -150.805
914   13.170  -64.460  -17.308  176.665  176.108  -63.063  -47.419  101.898   46.094 -172.734
915  -16.590 -108.400  -10.375  170.853 -179.875  -65.496  -45.586   95.162   70.247 -177.577
916   -7.031 -107.464  -30.394 -177.743 -178.849  -65.914  -52.126   97.715   44.381  142.618
917   -0.419  -77.961  -13.474 -176.603 -179.984  -73.161  -54.679   99.166   42.612  -29.176
918   -0.526  -73.970  -16.751  168.526  172.129  -67.677  -46.983  103.272   58.130  159.887
919    0.974  -71.817  -19.051 -161.918  179.536  -85.951  -47.594   74.924   57.724  169.324
920   -7.774  -97.024   -8.406 -174.473 -177.316  -80.761  -55.346  124.529   80.758 -167.839
921    3.376 -103.940  -15.571 -171.191  179.294  -73.901  -62.247   92.803  -85.744    6.008
922    5.155  -67.190  -25.202 -176.825  178.182  -75.442  -58.801   90.660 -123.280  -26.088
923   -7.363 -110.051  -25.283 -176.600 -170.197  -81.849  -66.471   76.765  -61.766 -166.548
924   -0.636  -72.846  -13.681 -179.936 -178.020  -88.281  -42.373   68.219  -62.204  158.103
925   -8.868  -90.593    4.925  166.243 -173.765  -82.376  -58.921   96.983  -67.981  162.666
926  -21.587  -77.793   -0.699 -176.549 -174.370  -75.950  -53.702   86.406   91.699   -0.265
927   18.779  -98.478   -8.686 -175.750 -170.221  -73.858  -53.795   77.554   78.180    4.657
928  -35.715 -103.681  -14.236 -172.770  178.411  -73.240  -49.082   74.040   74.190  158.745
929    5.616 -109.171  -35.413 -165.696  178.966  -69.345  -44.676   85.134   64.994  157.124
930  -12.117  -92.715  -13.133 -167.143 -162.871  -88.984  -58.369   83.536   92.877 -176.558
931   -0.451 -102.461  -23.565  179.252 -170.543  -74.299  -56.033   82.409  110.879  172.678
932  -21.292  -86.675    1.683  177.847 -167.234  -63.999  -60.725   65.964 -106.747  165.954
933    3.905  -96.362  -17.266 -168.024 -177.267  -81.066  -47.443   97.537 -166.027 -166.885
934  -20.408 -107.731  -15.751 -167.154 -171.426  -88.936  -52.510   85.041   37.272  -33.120
935  -24.339 -113.976  -12.965 -170.871 -178.663  -80.066  -46.872   83.164   59.420 -168.625
936  -22.526 -112.469  -16.591 -177.028  171.794  -65.471  -50.772   78.951   57.849 -153.373
937   -0.822  -95.814  -11.385  171.236 -175.588  -81.032  -72.183  161.536  122.134 -165.561
938  -40.670  -98.185  -24.418 -157.646 -160.378  -96.852  -48.040   65.506   84.318 -168.709
939   -2.886  -87.967  -15.098 -176.014 -173.796  -77.280  -52.770   74.434   41.339  158.678
940   -5.696  -88.757  -24.898 -172.581 -169.805  -63.165  -67.213   86.742  115.243  166.096
941    7.316 -109.298  -38.036  168.962 -174.465  -43.701  -44.291   92.929   30.227 -170.879
942    4.684 -106.573  -10.869 -166.989 -172.894  -91.913  -55.979   80.577   38.314 -178.546
943  -31.926  -92.943  -16.035  175.864 -162.659  -86.709  -44.962   88.827   41.069 -175.437
944  -20.811  -96.455  -17.540  176.858 -174.583  -75.856  -40.180   93.509   38.430    5.618
945   -1.269  -98.749  -24.178 -168.009 -168.601  -90.249  -46.823   59.416   52.696  -29.406
946    3.530  -99.170   -9.797  179.880 -176.632  -74.868  -54.382   67.159 -140.357  -10.610
947   -1.363 -108.278  -27.655 -168.821 -176.086  -75.003  -40.552   70.039 -134.715   -8.689
948  -30.747  -90.445  -18.049 -157.124  179.638  -83.477  -44.753  116.975 -122.077  -25.904
949   -8.257  -82.655   -5.968  174.539 -172.628  -69.814  -48.439   86.828 -149.093   21.041
950   23.342  -86.712  -12.866  179.148 -177.011  -71.912  -45.727   78.160 -125.757  -15.233
951   21.015  -84.598  -41.453 -176.380  178.254  -51.560  -52.940   61.944 -122.709    0.264
952  -11.323  -58.486   -4.426  165.257 -175.055  -73.857  -47.450   90.544 -117.911   -4.613
953  -13.381  -99.787  -29.731  179.888 -175.329  -74.090  -59.352  147.279 -103.629  -15.205
954   -5.679 -105.803  -17.458  170.902 -172.012  -63.784  -64.375   94.289  -56.597  -11.433
955  -13.653  -92.297  -11.836  168.327 -168.931  -76.832  -48.882   79.540  -85.667  -15.977
956    6.632  -98.770  -21.982 -175.370 -179.689  -67.808  -55.180  108.823 -128.412  -11.489
957   -9.273 -100.492  -26.532 -176.955 -177.353  -75.510  -45.524   89.872 -129.419  -11.166
958   17.807 -112.608   -2.460  173.268 -175.389  -80.681  -45.025   86.584  165.258   11.570
959  -12.977  -91.351  -26.248  178.361 -174.072  -66.795  -54.597   84.273  -28.077    7.592
960    1.498  -94.808   -3.977  169.213 -172.681  -81.026  -47.762   83.874 -116.278    3.878
961  -12.308 -109.280  -18.794 -176.262 -172.495  -88.626  -36.294   75.434 -143.960  177.625
962  -17.729 -102.041  -22.267 -172.122  172.248  -64.252  -64.144  116.551  -53.532  160.451
963  -25.610  -82.768  -17.004  168.897 -171.072  -74.378  -67.647   99.448  107.425 -179.169
964   -5.971 -102.189  -19.009 -177.799 -160.666  -63.457  -63.002   75.198   83.654 -171.341
965  -36.825 -101.437  -17.058  174.416 -175.311  -67.311  -46.935   79.360   52.762  177.365
966    9.990 -102.122   26.383  161.566  176.031  -85.043  -47.952   79.599   37.057 -157.555
967  -29.628  -95.817    0.473  161.427 -175.582  -70.262  -49.698   81.872   50.351 -173.356
968  -24.789  -92.090  -24.774 -162.768 -168.520  -83.328  -45.607   66.260   37.262    9.975
969  -10.688  -90.094  -12.741 -168.742 -177.354  -98.468  -53.844   88.996   27.489  177.741
970   -7.702 -107.846   -8.666 -179.210  176.571  -88.545  -41.202   83.272   63.449 -175.842
971  -21.411  -91.670  -30.842 -175.480 -167.979  -85.745  -37.390   57.560   45.443 -160.413
972    4.270  -98.567  -40.719 -152.843 -169.816  -98.664  -45.651   70.690 -123.190   18.254
973   -6.610  -97.220  -23.490  176.708  178.871  -60.884  -49.990  106.253 -136.024  -17.130
974    1.616  -99.006  -29.235 -179.695 -172.249  -74.036  -40.012   73.290 -117.106  -11.538
975  -27.171 -118.592  -11.862 -170.022 -173.181  -81.269  -61.710   88.033 -135.151    3.718
976    5.030  -87.468  -25.651 -169.847 -179.808  -79.762  -40.904   64.087 -130.739   -0.137
977  -27.735  -97.408  -16.572  179.147 -166.757  -80.708  -46.980   68.959 -121.208  -14.360
978  -23.779  -84.087  -22.095 -164.053 -176.781  -70.581  -41.995   84.945 -138.906   12.867
979  -11.054  -95.124  -26.112 -172.421 -165.967  -69.457  -60.906   97.966  -93.342   -7.962
980    7.939  -76.795  -30.319 -148.713 -179.695  -84.100  -54.019   76.111  175.441    1.173
981  -20.421 -104.264  -26.300 -156.193 -176.464  -66.492  -47.106   65.592 -166.036 -177.679
982  -26.932  -86.184  -17.158  172.102 -172.953  -66.005  -52.125   82.325 -179.120  178.400
983  -13.772  -81.133  -17.011  175.978  179.681  -67.326  -58.701   96.445  -16.964    7.210
984  -24.356  -96.729  -24.426  179.560 -178.764  -70.082  -37.715   65.968 -129.197 -169.653
985  -15.640  -88.916   -4.724  171.778 -173.065  -99.278  -55.583   70.267  -71.946 -154.925
986    4.125 -118.232  -25.046 -174.874 -172.013  -70.664  -43.975   78.598 -129.052   13.465
987   -1.206 -103.212  -30.068 -165.752 -172.880  -80.571  -45.898   76.869 -126.855   46.877
988    6.991 -109.769   -8.219  165.945  175.023  -58.886  -50.926   59.789 -152.649  -13.844
989   -3.651  -95.027  -24.114 -176.687 -174.412  -72.750  -54.336   69.325  -87.378   11.715
990  -20.339 -107.059  -31.321  175.154 -166.345  -66.194  -45.670   65.571 -134.882   -7.640
991  -15.389  -98.366  -14.036 -178.750 -169.525  -80.618  -59.385   87.393 -112.747   15.851
992  -11.212  -88.476   -9.900  177.243  167.440  -54.048  -53.060  114.135 -118.278    4.635
993   -8.984  -88.375   -2.011  173.660 -176.246  -82.888  -50.390   81.257 -144.193   27.042
994   -2.186  -93.354  -12.577 -179.121  170.587  -68.889  -45.520   65.414 -135.848   -3.313
995  -20.064  -98.346  -15.948 -169.998 -172.988  -79.594  -55.000   45.606    2.337  170.313
996  -13.444  -92.602  -39.462 -166.573 -176.838  -72.450  -38.159   87.716   50.310   26.418
997  -11.293  -78.049  -42.943 -147.590 -172.611  -92.123  -44.745   76.060   46.769 -168.728
998  -29.344  -82.453    1.840  165.066  178.372  -85.387  -48.792   71.296   35.609  178.207
999  -17.875  -60.949  -11.698  171.675 -174.104  -64.794  -57.182   97.199   75.823  172.762
1000    1.508  -95.330  -21.822  166.867  179.801  -81.883  -42.462   63.735   59.154  155.943
